"treatment"	"species"	"richness"	"year"	"Omega"	"theta"	"feasibility"	"differential"	"overlap"	"coex_rate"	"indirect_effects"
"1"	"control"	"Hp_Be_Ao"	3	2020	0.00215883143784982	9.12682969472683	0	0.001	0	0.333333333333333	-0.333333333333333
"2"	"control"	"Hp_Be_Dg"	3	2020	0.132921731674146	6.32416373206112	1	0.143	0	0.333333333333333	0.666666666666667
"3"	"control"	"Hp_Be_Fr"	3	2020	0.0209543596396539	16.1903763196064	0	0.02	0	0	0
"4"	"control"	"Hp_Be_Hl"	3	2020	0.0101098118582741	8.84134357745032	0	0.005	0.001	0.333333333333333	-0.333333333333333
"5"	"control"	"Hp_Be_Lp"	3	2020	0.0568057539939778	11.9826910830532	0	0.058	0	0.333333333333333	-0.333333333333333
"6"	"control"	"Hp_Be_Pt"	3	2020	0.0957977955501198	19.7821694445394	0	0.066	0.003	0.333333333333333	-0.333333333333333
"7"	"control"	"Hp_Be_Am"	3	2020	0.0041565493074027	11.4849756540589	0	-0.003	0	0.333333333333333	-0.333333333333333
"8"	"control"	"Hp_Be_Cj"	3	2020	0.0336641391809139	3.93915904319944	1	0.03	0.002	0.333333333333333	0.666666666666667
"9"	"control"	"Hp_Be_Cb"	3	2020	0.034280782186829	36.0784518012244	0	0.005	0	0	0
"10"	"control"	"Hp_Be_To"	3	2020	0.154680339913587	16.5199503598341	0	0.14	0	0.333333333333333	-0.333333333333333
"11"	"control"	"Hp_Be_Dc"	3	2020	0.107302282722502	19.6996062279838	0	0.061	0.01	0.666666666666667	-0.666666666666667
"12"	"control"	"Hp_Be_Sp"	3	2020	0.0392437350309868	6.73929739546343	1	0.036	0	0.333333333333333	0.666666666666667
"13"	"control"	"Hp_Be_Pg"	3	2020	0.0961537634455916	4.55946071586275	1	0.069	0	0.333333333333333	0.666666666666667
"14"	"control"	"Hp_Be_Ra"	3	2020	0.0531803163071598	39.5437876956515	0	-0.011	0.004	0.333333333333333	-0.333333333333333
"15"	"control"	"Hp_Be_Pm"	3	2020	0.0251090682417562	11.6999346367606	0	0.006	0.011	0.666666666666667	-0.666666666666667
"16"	"control"	"Hp_Be_Ga"	3	2020	0.0207776992828952	12.4751661975447	0	-0.025	0.014	0.666666666666667	-0.666666666666667
"17"	"control"	"Hp_Ao_Dg"	3	2020	0.0189642568211388	2.10880005743563	1	0.026	0	0.666666666666667	0.333333333333333
"18"	"control"	"Hp_Ao_Fr"	3	2020	0.0329893886186905	12.440790808083	0	0.035	0	0.333333333333333	-0.333333333333333
"19"	"control"	"Hp_Ao_Hl"	3	2020	0.0283768278802957	5.01234358608142	1	0.005	0.011	0.666666666666667	0.333333333333333
"20"	"control"	"Hp_Ao_Lp"	3	2020	0.114992092328911	9.23634251105699	1	0.091	0.008	0.666666666666667	0.333333333333333
"21"	"control"	"Hp_Ao_Pt"	3	2020	0.0921194097037415	12.5086438098296	0	0.092	0	0.666666666666667	-0.666666666666667
"22"	"control"	"Hp_Ao_Am"	3	2020	0.00430930325932506	2.50565573286982	0	-0.01	0	0.666666666666667	-0.666666666666667
"23"	"control"	"Hp_Ao_Cj"	3	2020	0.0469693759350506	13.7626370462504	1	-0.00199999999999999	0.031	1	0
"24"	"control"	"Hp_Ao_Cb"	3	2020	0.052719575623213	34.1702077813797	0	0.003	0.003	0.333333333333333	-0.333333333333333
"25"	"control"	"Hp_Ao_To"	3	2020	0.0505552855692336	7.63190878286752	1	-0.00600000000000001	0.035	1	0
"26"	"control"	"Hp_Ao_Dc"	3	2020	0.0387428504623249	8.37148401229202	0	-0.005	0.025	1	-1
"27"	"control"	"Hp_Ao_Sp"	3	2020	0.00163684954743564	4.76913337863578	0	0.002	0	0.666666666666667	-0.666666666666667
"28"	"control"	"Hp_Ao_Pg"	3	2020	0.00423127636918058	18.8130528946082	0	-0.016	0	0.666666666666667	-0.666666666666667
"29"	"control"	"Hp_Ao_Ra"	3	2020	0.0616010436345428	42.4272391551568	0	0.016	0	0.333333333333333	-0.333333333333333
"30"	"control"	"Hp_Ao_Pm"	3	2020	0.0183612406874524	10.5722700905132	0	0.006	0.009	1	-1
"31"	"control"	"Hp_Ao_Ga"	3	2020	0.054847300847448	19.8933368732357	0	0.003	0	0.666666666666667	-0.666666666666667
"32"	"control"	"Hp_Dg_Fr"	3	2020	0.0675150727006964	9.49260214898278	0	0.068	0	0	0
"33"	"control"	"Hp_Dg_Hl"	3	2020	0.00451063919540959	19.364303651634	0	0.008	0	0	0
"34"	"control"	"Hp_Dg_Lp"	3	2020	0.212067923200589	7.89129786914262	1	0.186	0.005	0.333333333333333	0.666666666666667
"35"	"control"	"Hp_Dg_Pt"	3	2020	0.113066402810032	17.7663242381574	0	0.053	0.027	0.333333333333333	-0.333333333333333
"36"	"control"	"Hp_Dg_Am"	3	2020	0.0276980424401684	12.3818305575308	0	0.008	0.006	0.333333333333333	-0.333333333333333
"37"	"control"	"Hp_Dg_Cj"	3	2020	0.0474275576697934	10.467526318665	0	0.048	0	0.333333333333333	-0.333333333333333
"38"	"control"	"Hp_Dg_Cb"	3	2020	0.390659740762185	14.365145046248	1	0.289	0	0	1
"39"	"control"	"Hp_Dg_To"	3	2020	0.0331827459018752	10.5100107719302	0	-0.007	0.013	0.666666666666667	-0.666666666666667
"40"	"control"	"Hp_Dg_Dc"	3	2020	0.0194422841258998	8.56000423807012	0	0.032	0	0.333333333333333	-0.333333333333333
"41"	"control"	"Hp_Dg_Sp"	3	2020	0.0315707656351243	14.081764497415	0	0.027	0	0.333333333333333	-0.333333333333333
"42"	"control"	"Hp_Dg_Pg"	3	2020	0.172847580333266	2.63846518940104	1	0.154	0	0	1
"43"	"control"	"Hp_Dg_Ra"	3	2020	0.0334802923979929	32.1753734568607	0	-0.004	0.014	0	0
"44"	"control"	"Hp_Dg_Pm"	3	2020	0.0510289811639934	11.696983883644	0	0.052	0	0.333333333333333	-0.333333333333333
"45"	"control"	"Hp_Dg_Ga"	3	2020	0.0996837343745851	23.1605567478915	0	0.102	0	0.333333333333333	-0.333333333333333
"46"	"control"	"Hp_Fr_Hl"	3	2020	0.0468220097887225	2.13994687858427	1	0.038	0	0.333333333333333	0.666666666666667
"47"	"control"	"Hp_Fr_Lp"	3	2020	0.0393876102745272	10.4305626362773	1	0.047	0	0.333333333333333	0.666666666666667
"48"	"control"	"Hp_Fr_Pt"	3	2020	0.199233722476184	8.89271092103395	1	0.176	0	0.333333333333333	0.666666666666667
"49"	"control"	"Hp_Fr_Am"	3	2020	0.0129573818020912	9.66655620625602	0	0.008	0	0.333333333333333	-0.333333333333333
"50"	"control"	"Hp_Fr_Cj"	3	2020	0.00327389027557666	5.04779092352823	0	0.002	0	0.333333333333333	-0.333333333333333
"51"	"control"	"Hp_Fr_Cb"	3	2020	0.030647618719954	42.751392217475	0	0.002	0	0	0
"52"	"control"	"Hp_Fr_To"	3	2020	0.00922057991854132	4.81949170327787	0	0.001	0	0.666666666666667	-0.666666666666667
"53"	"control"	"Hp_Fr_Dc"	3	2020	0.0554097620407311	10.1389054368132	0	0.059	0	0.666666666666667	-0.666666666666667
"54"	"control"	"Hp_Fr_Sp"	3	2020	0.0195860099466283	5.69641289312152	0	0.015	0	0.333333333333333	-0.333333333333333
"55"	"control"	"Hp_Fr_Pg"	3	2020	0.0121445458997636	12.5211781732443	0	0.012	0	0	0
"56"	"control"	"Hp_Fr_Ra"	3	2020	0.0230325209563167	21.3758549418448	0	0.012	0	0.333333333333333	-0.333333333333333
"57"	"control"	"Hp_Fr_Pm"	3	2020	0.0140664100693519	5.79825862510168	1	0.02	0	0.666666666666667	0.333333333333333
"58"	"control"	"Hp_Fr_Ga"	3	2020	0.0447584981998548	12.5708085631933	0	0.041	0	0.666666666666667	-0.666666666666667
"59"	"control"	"Hp_Hl_Lp"	3	2020	0.00203816758703495	13.9822411040567	0	-0.002	0	0	0
"60"	"control"	"Hp_Hl_Pt"	3	2020	0.0882922681039951	15.0054012052453	0	-0.004	0.091	0.333333333333333	-0.333333333333333
"61"	"control"	"Hp_Hl_Am"	3	2020	0.0259497933068432	15.496449409643	0	-0.005	0.028	0.333333333333333	-0.333333333333333
"62"	"control"	"Hp_Hl_Cj"	3	2020	0.036496001449366	20.4835954752614	0	-0.024	0.041	0.333333333333333	-0.333333333333333
"63"	"control"	"Hp_Hl_Cb"	3	2020	0.020809455230518	28.1464201296392	0	0.004	0	0	0
"64"	"control"	"Hp_Hl_To"	3	2020	0.050475891418449	15.1427663592776	0	-0.033	0.062	0.666666666666667	-0.666666666666667
"65"	"control"	"Hp_Hl_Dc"	3	2020	0.0968005828244737	4.54162688567363	1	0.044	0.039	0.666666666666667	0.333333333333333
"66"	"control"	"Hp_Hl_Sp"	3	2020	0.0255690486083818	6.91010641725819	0	0.021	0.001	0.333333333333333	-0.333333333333333
"67"	"control"	"Hp_Hl_Pg"	3	2020	0.0199530351039068	17.2204799529391	0	0.019	0	0	0
"68"	"control"	"Hp_Hl_Ra"	3	2020	0.2526753760734	22.6327529527853	0	0.028	0.003	0	0
"69"	"control"	"Hp_Hl_Pm"	3	2020	0.0204799682408399	16.4515212077208	0	-0.012	0.014	0.333333333333333	-0.333333333333333
"70"	"control"	"Hp_Hl_Ga"	3	2020	0.0562470951844739	16.9591289893857	0	0.023	0.007	0.333333333333333	-0.333333333333333
"71"	"control"	"Hp_Lp_Pt"	3	2020	0.0237308228535865	18.9970273401939	0	-0.007	0.003	0.333333333333333	-0.333333333333333
"72"	"control"	"Hp_Lp_Am"	3	2020	0.0322042478542503	10.0864753175042	0	0.02	0.006	0.333333333333333	-0.333333333333333
"73"	"control"	"Hp_Lp_Cj"	3	2020	0.00908463323543948	9.17721769804779	0	0.007	0	0.666666666666667	-0.666666666666667
"74"	"control"	"Hp_Lp_Cb"	3	2020	0.0357819591266725	35.5498987104592	0	-0.001	0	0	0
"75"	"control"	"Hp_Lp_To"	3	2020	0.0414406975286219	17.5658159191328	0	0.045	0.004	0.666666666666667	-0.666666666666667
"76"	"control"	"Hp_Lp_Dc"	3	2020	0.240518235494233	11.6565741590944	0	0.133	0.003	0.666666666666667	-0.666666666666667
"77"	"control"	"Hp_Lp_Sp"	3	2020	0.00215252537639829	15.5873205490113	0	-0.003	0	0	0
"78"	"control"	"Hp_Lp_Pg"	3	2020	0.0142278696211643	17.5482630437128	0	0.014	0	0	0
"79"	"control"	"Hp_Lp_Ra"	3	2020	0.273428702378939	28.7353418893235	0	0.081	0	0	0
"80"	"control"	"Hp_Lp_Pm"	3	2020	0.0149373210811116	7.61011722162568	0	-0.002	0.004	0.666666666666667	-0.666666666666667
"81"	"control"	"Hp_Lp_Ga"	3	2020	0.00886278898414068	14.3262667516356	0	-0.022	0	0.333333333333333	-0.333333333333333
"82"	"control"	"Hp_Pt_Am"	3	2020	0.0558719111431319	26.211792015302	0	0.029	0.018	0	0
"83"	"control"	"Hp_Pt_Cj"	3	2020	0.118716343938724	12.5267038457582	0	0.042	0.074	0.666666666666667	-0.666666666666667
"84"	"control"	"Hp_Pt_Cb"	3	2020	0.25782770395349	39.2681182430859	0	-0.004	0	0	0
"85"	"control"	"Hp_Pt_To"	3	2020	0.0850946166151477	18.8248125197945	0	-0.026	0.077	0.666666666666667	-0.666666666666667
"86"	"control"	"Hp_Pt_Dc"	3	2020	0.227254625707436	6.69467243899554	1	0.058	0.102	0.666666666666667	0.333333333333333
"87"	"control"	"Hp_Pt_Sp"	3	2020	0.0664629170714481	12.7637625914286	0	0.016	0	0.333333333333333	-0.333333333333333
"88"	"control"	"Hp_Pt_Pg"	3	2020	0.14539070945085	15.4911044554766	0	0.093	0.038	0.333333333333333	-0.333333333333333
"89"	"control"	"Hp_Pt_Ra"	3	2020	1.0643703641084	15.2861831568309	1	0.484	0	0	1
"90"	"control"	"Hp_Pt_Pm"	3	2020	0.0828830645324365	10.5593942605378	0	0.013	0.029	0.666666666666667	-0.666666666666667
"91"	"control"	"Hp_Pt_Ga"	3	2020	0.0670518848068335	7.82900619114807	0	-0.087	0.021	0.666666666666667	-0.666666666666667
"92"	"control"	"Hp_Am_Cj"	3	2020	0.0523252063623155	16.743189915882	0	0.02	0.028	0.666666666666667	-0.666666666666667
"93"	"control"	"Hp_Am_Cb"	3	2020	0.0647924814185717	33.6551838465642	0	0.022	0	0	0
"94"	"control"	"Hp_Am_To"	3	2020	0.0530503188719424	18.6514038739803	0	-0.035	0.047	0.666666666666667	-0.666666666666667
"95"	"control"	"Hp_Am_Dc"	3	2020	0.10084595693064	11.1824415492844	0	0.025	0.056	0.666666666666667	-0.666666666666667
"96"	"control"	"Hp_Am_Sp"	3	2020	0.00627891865106165	21.4279508165772	0	0	0.001	0	0
"97"	"control"	"Hp_Am_Pg"	3	2020	0.0252156375871194	21.4383358802128	0	0.018	0	0	0
"98"	"control"	"Hp_Am_Ra"	3	2020	0.164648107358404	37.7366044540879	0	0.02	0.026	0	0
"99"	"control"	"Hp_Am_Pm"	3	2020	0.0185447020999638	16.7549362456235	0	0.004	0.018	0.333333333333333	-0.333333333333333
"100"	"control"	"Hp_Am_Ga"	3	2020	0.131832816281065	15.4395787652209	0	0.093	0.004	0.333333333333333	-0.333333333333333
"101"	"control"	"Hp_Cj_Cb"	3	2020	0.051198424126075	37.3444985782626	0	-0.017	0	0.333333333333333	-0.333333333333333
"102"	"control"	"Hp_Cj_To"	3	2020	0.0185627067594317	7.00323323071989	0	0.01	0	0.666666666666667	-0.666666666666667
"103"	"control"	"Hp_Cj_Dc"	3	2020	0.137204835918502	5.45255290779158	1	-0.045	0.119	1	0
"104"	"control"	"Hp_Cj_Sp"	3	2020	0.0166894145302089	3.18801916676672	0	0.01	0.005	0.333333333333333	-0.333333333333333
"105"	"control"	"Hp_Cj_Pg"	3	2020	0.0249325547741985	18.9178357509657	0	-0.023	0.016	0.333333333333333	-0.333333333333333
"106"	"control"	"Hp_Cj_Ra"	3	2020	0.360674198638812	35.0064898026338	0	0.08	0.036	0.333333333333333	-0.333333333333333
"107"	"control"	"Hp_Cj_Pm"	3	2020	0.00284657710319986	4.3986166818413	0	0.001	0	0.666666666666667	-0.666666666666667
"108"	"control"	"Hp_Cj_Ga"	3	2020	0.112383914451938	8.40147393606132	1	0.00800000000000001	0.045	0.666666666666667	0.333333333333333
"109"	"control"	"Hp_Cb_To"	3	2020	0.263218331722973	20.5791598203977	1	0.143	0	0.666666666666667	0.333333333333333
"110"	"control"	"Hp_Cb_Dc"	3	2020	0.396792240746018	47.2612352194774	0	-0.033	0.01	0.666666666666667	-0.666666666666667
"111"	"control"	"Hp_Cb_Sp"	3	2020	0.0313650673090733	49.6452814103446	0	-0.009	0.003	0	0
"112"	"control"	"Hp_Cb_Pg"	3	2020	5.01032312038827e-09	37.9183787666326	0	-0.001	0	0.333333333333333	-0.333333333333333
"113"	"control"	"Hp_Cb_Ra"	3	2020	0.392121978635863	77.3046519076019	0	0	0	0	0
"114"	"control"	"Hp_Cb_Pm"	3	2020	0.212695060675851	27.0003948689605	0	0.086	0	0.333333333333333	-0.333333333333333
"115"	"control"	"Hp_Cb_Ga"	3	2020	0.122908302660964	47.0757156966633	0	-0.056	0.008	0.333333333333333	-0.333333333333333
"116"	"control"	"Hp_To_Dc"	3	2020	0.177334406720201	9.03481472655071	1	-0.054	0.163	1	0
"117"	"control"	"Hp_To_Sp"	3	2020	0.0022636020293751	12.3482055026517	0	-0.005	0	0.333333333333333	-0.333333333333333
"118"	"control"	"Hp_To_Pg"	3	2020	0.0481684395342461	22.3109096395413	0	-0.037	0.029	0.333333333333333	-0.333333333333333
"119"	"control"	"Hp_To_Ra"	3	2020	0.853093458066564	43.7965004829739	0	0.15	0	0.333333333333333	-0.333333333333333
"120"	"control"	"Hp_To_Pm"	3	2020	0.0447518975530336	7.42892892291771	1	-0.022	0.042	1	0
"121"	"control"	"Hp_To_Ga"	3	2020	0.251517006052167	13.3496238992832	1	0.198	0.014	0.666666666666667	0.333333333333333
"122"	"control"	"Hp_Dc_Sp"	3	2020	0.0467203000907474	10.6956554037026	0	0.04	0.011	0.333333333333333	-0.333333333333333
"123"	"control"	"Hp_Dc_Pg"	3	2020	0.0266212499120219	32.7922041023087	0	-0.099	0	0.666666666666667	-0.666666666666667
"124"	"control"	"Hp_Dc_Ra"	3	2020	0.634807630013273	40.5408783366499	0	0.167	0.037	0.333333333333333	-0.333333333333333
"125"	"control"	"Hp_Dc_Pm"	3	2020	0.0686271220176937	14.3916643240654	0	-0.00799999999999999	0.054	1	-1
"126"	"control"	"Hp_Dc_Ga"	3	2020	0.250630155023821	20.713919990939	0	0.25	0	0.666666666666667	-0.666666666666667
"127"	"control"	"Hp_Sp_Pg"	3	2020	0.0368216477441838	17.146187770341	0	0.025	0.006	0	0
"128"	"control"	"Hp_Sp_Ra"	3	2020	0.312664143335785	45.3404207891216	0	0.089	0.004	0	0
"129"	"control"	"Hp_Sp_Pm"	3	2020	0.00894112362356001	12.601769983057	0	0.009	0.002	0.333333333333333	-0.333333333333333
"130"	"control"	"Hp_Sp_Ga"	3	2020	0.0622569600678739	17.8938768613893	0	0.032	0.001	0.333333333333333	-0.333333333333333
"131"	"control"	"Hp_Pg_Ra"	3	2020	0.219915119748655	46.0192242184626	0	-0.007	0.036	0	0
"132"	"control"	"Hp_Pg_Pm"	3	2020	0.0210188825857931	19.4492975770361	0	-0.012	0.017	0.333333333333333	-0.333333333333333
"133"	"control"	"Hp_Pg_Ga"	3	2020	0.0907226876186156	25.372370390397	0	-0.032	0.053	0.333333333333333	-0.333333333333333
"134"	"control"	"Hp_Ra_Pm"	3	2020	0.37413831791677	31.160951658144	0	0.119	0.002	0.333333333333333	-0.333333333333333
"135"	"control"	"Hp_Ra_Ga"	3	2020	0.178119177020187	19.3318403479796	0	-0.084	0.1	0.666666666666667	-0.666666666666667
"136"	"control"	"Hp_Pm_Ga"	3	2020	0.0880564651405229	12.6315743646607	1	0.043	0.009	0.666666666666667	0.333333333333333
"137"	"control"	"Be_Ao_Dg"	3	2020	0.0722477232754808	11.6083963611624	0	0.062	0.002	0.666666666666667	-0.666666666666667
"138"	"control"	"Be_Ao_Fr"	3	2020	0.079088099144594	17.2414826774559	0	0.08	0	0	0
"139"	"control"	"Be_Ao_Hl"	3	2020	0.00132476091776537	15.9433984341226	0	-0.001	0	0.666666666666667	-0.666666666666667
"140"	"control"	"Be_Ao_Lp"	3	2020	0.00688837822175447	34.4661017101779	0	0	0	0.666666666666667	-0.666666666666667
"141"	"control"	"Be_Ao_Pt"	3	2020	0.110187814258115	23.8572809431432	0	0.082	0	0.666666666666667	-0.666666666666667
"142"	"control"	"Be_Ao_Am"	3	2020	0.00441615026790166	13.0193385325663	0	0	0	0.666666666666667	-0.666666666666667
"143"	"control"	"Be_Ao_Cj"	3	2020	0.0469637990494568	4.7210767980096	1	0.043	0.001	0.333333333333333	0.666666666666667
"144"	"control"	"Be_Ao_Cb"	3	2020	0.0248658554395557	21.2893002722593	0	0.021	0	0	0
"145"	"control"	"Be_Ao_To"	3	2020	0.229406014944506	15.8817194239814	1	0.198	0	0.333333333333333	0.666666666666667
"146"	"control"	"Be_Ao_Dc"	3	2020	0.0768546302366649	20.778489790948	0	0.061	0	0.666666666666667	-0.666666666666667
"147"	"control"	"Be_Ao_Sp"	3	2020	0.0429032961784003	10.2419131108264	1	0.034	0	0.666666666666667	0.333333333333333
"148"	"control"	"Be_Ao_Pg"	3	2020	0.248251163185832	11.9312861404293	1	0.24	0.001	0.666666666666667	0.333333333333333
"149"	"control"	"Be_Ao_Ra"	3	2020	0.353617367421442	50.1546353457095	0	0.068	0	0.333333333333333	-0.333333333333333
"150"	"control"	"Be_Ao_Pm"	3	2020	0.00102837275722944	21.7205544856353	0	-0.001	0	0.666666666666667	-0.666666666666667
"151"	"control"	"Be_Ao_Ga"	3	2020	0.120364196744223	14.9219086485652	1	0.128	0	0.333333333333333	0.666666666666667
"152"	"control"	"Be_Dg_Fr"	3	2020	0.0560336083180671	10.0368556718325	0	0.035	0.004	0.333333333333333	-0.333333333333333
"153"	"control"	"Be_Dg_Hl"	3	2020	0.19492317695465	5.41782881125813	1	0.182	0.007	0.666666666666667	0.333333333333333
"154"	"control"	"Be_Dg_Lp"	3	2020	0.34926397334895	23.0699065614848	1	-0.092	0.275	1	0
"155"	"control"	"Be_Dg_Pt"	3	2020	0.327180336027541	7.67554288807281	1	0.095	0.1	1	0
"156"	"control"	"Be_Dg_Am"	3	2020	0.168741746987814	9.04691346535881	1	0.057	0.076	1	0
"157"	"control"	"Be_Dg_Cj"	3	2020	0.00738815531298276	12.3603275559566	0	0.007	0	0.333333333333333	-0.333333333333333
"158"	"control"	"Be_Dg_Cb"	3	2020	0.0193833911343572	14.3065015196982	0	0	0.01	0.333333333333333	-0.333333333333333
"159"	"control"	"Be_Dg_To"	3	2020	0.11851273069011	31.1528805964798	0	-0.052	0.03	0.666666666666667	-0.666666666666667
"160"	"control"	"Be_Dg_Dc"	3	2020	0.40050361607847	8.04630730464634	1	0.231	0.087	0.666666666666667	0.333333333333333
"161"	"control"	"Be_Dg_Sp"	3	2020	0.121404679606118	12.6840515211148	1	-0.00800000000000001	0.138	1	0
"162"	"control"	"Be_Dg_Pg"	3	2020	0.00473377699314182	21.5775983530891	0	-0.008	0	0.666666666666667	-0.666666666666667
"163"	"control"	"Be_Dg_Ra"	3	2020	0.440086499104681	29.0653327109478	0	0.103	0.101	0.666666666666667	-0.666666666666667
"164"	"control"	"Be_Dg_Pm"	3	2020	0.157933807432878	5.89651926811379	1	0.147	0.002	0.666666666666667	0.333333333333333
"165"	"control"	"Be_Dg_Ga"	3	2020	0.0510581619827538	24.2901042705797	0	0.051	0	0.666666666666667	-0.666666666666667
"166"	"control"	"Be_Fr_Hl"	3	2020	0.392952315923854	33.3089142833373	0	0.023	0.259	0.666666666666667	-0.666666666666667
"167"	"control"	"Be_Fr_Lp"	3	2020	0.247759384065378	16.0187132411231	0	0.163	0.081	0.666666666666667	-0.666666666666667
"168"	"control"	"Be_Fr_Pt"	3	2020	0.643747562623691	23.4628326330953	0	0.072	0.283	0.666666666666667	-0.666666666666667
"169"	"control"	"Be_Fr_Am"	3	2020	0.100874541526457	14.9163700075949	0	0.021	0.083	0.666666666666667	-0.666666666666667
"170"	"control"	"Be_Fr_Cj"	3	2020	0.0156121795771475	17.670971602252	0	0.016	0	0	0
"171"	"control"	"Be_Fr_Cb"	3	2020	0.0192939792408828	30.6267313254869	0	-0.003	0	0	0
"172"	"control"	"Be_Fr_To"	3	2020	0.346830055582653	26.251402257704	1	0.233	0.036	0.333333333333333	0.666666666666667
"173"	"control"	"Be_Fr_Dc"	3	2020	0.476845424770502	24.3962866191588	0	0.035	0.36	0.666666666666667	-0.666666666666667
"174"	"control"	"Be_Fr_Sp"	3	2020	0.0952784924233433	21.7462939465762	0	0.005	0.05	0.666666666666667	-0.666666666666667
"175"	"control"	"Be_Fr_Pg"	3	2020	0.155464177227706	16.9676718621312	1	0.091	0.019	0.333333333333333	0.666666666666667
"176"	"control"	"Be_Fr_Ra"	3	2020	0.394388597228988	38.7295141641811	0	0.075	0.015	0.666666666666667	-0.666666666666667
"177"	"control"	"Be_Fr_Pm"	3	2020	0.187735531696727	21.6380474973062	0	0.031	0.16	0.666666666666667	-0.666666666666667
"178"	"control"	"Be_Fr_Ga"	3	2020	0.00292018575235308	4.02392936883314	0	-0.141	0	0.666666666666667	-0.666666666666667
"179"	"control"	"Be_Hl_Lp"	3	2020	0.33051986509624	19.6968496571701	0	0.051	0.17	0.666666666666667	-0.666666666666667
"180"	"control"	"Be_Hl_Pt"	3	2020	0.735350420152202	20.226779273341	1	0.219	0.37	1	0
"181"	"control"	"Be_Hl_Am"	3	2020	0.112209713184801	13.2220001139516	0	0.024	0.03	1	-1
"182"	"control"	"Be_Hl_Cj"	3	2020	0.00762784419359996	6.53398068743302	0	-0.01	0	0.333333333333333	-0.333333333333333
"183"	"control"	"Be_Hl_Cb"	3	2020	0.149415930757405	3.19849674001635	1	0.116	0.005	0.333333333333333	0.666666666666667
"184"	"control"	"Be_Hl_To"	3	2020	0.557045167405165	28.8866440524768	1	0.1	0.203	0.666666666666667	0.333333333333333
"185"	"control"	"Be_Hl_Dc"	3	2020	1.29041311398556	16.057988238222	1	0.204	0.692	1	0
"186"	"control"	"Be_Hl_Sp"	3	2020	0.26618241527781	20.8001262793955	1	0.148	0.089	1	0
"187"	"control"	"Be_Hl_Pg"	3	2020	0.232964775043044	13.6844083818545	1	0.226	0.003	0.666666666666667	0.333333333333333
"188"	"control"	"Be_Hl_Ra"	3	2020	3.87371224354908	64.6182423538556	1	0.415	0.148	0.666666666666667	0.333333333333333
"189"	"control"	"Be_Hl_Pm"	3	2020	0.319239771656421	12.6190029529018	1	0.069	0.147	0.666666666666667	0.333333333333333
"190"	"control"	"Be_Hl_Ga"	3	2020	0.208567673073188	0.613281817186668	1	0.092	0.033	0.666666666666667	0.333333333333333
"191"	"control"	"Be_Lp_Pt"	3	2020	0.610034278462015	40.9761812443479	0	-0.108	0.258	1	-1
"192"	"control"	"Be_Lp_Am"	3	2020	0.280945198517948	13.8288621323026	1	-0.016	0.203	1	0
"193"	"control"	"Be_Lp_Cj"	3	2020	0.0615429304241431	18.2836911929692	0	0.02	0.014	0.666666666666667	-0.666666666666667
"194"	"control"	"Be_Lp_Cb"	3	2020	0.12045996476909	15.300952013865	0	0.102	0	0.333333333333333	-0.333333333333333
"195"	"control"	"Be_Lp_To"	3	2020	0.0280432562188598	18.8415360661213	0	-0.028	0.002	0.666666666666667	-0.666666666666667
"196"	"control"	"Be_Lp_Dc"	3	2020	1.88871149902007	55.9944332495512	1	-0.16	0.693	1	0
"197"	"control"	"Be_Lp_Sp"	3	2020	0.165592168516993	13.7692766557732	0	0.156	0.012	0.666666666666667	-0.666666666666667
"198"	"control"	"Be_Lp_Pg"	3	2020	0.270699823375747	12.1800685396306	1	0.267	0.002	0.666666666666667	0.333333333333333
"199"	"control"	"Be_Lp_Ra"	3	2020	2.80244943895063	53.8663409854474	0	0.397	0.05	0.666666666666667	-0.666666666666667
"200"	"control"	"Be_Lp_Pm"	3	2020	0.361545156047272	12.5617631590411	1	-0.032	0.249	1	0
"201"	"control"	"Be_Lp_Ga"	3	2020	0.379557611257517	5.62126477334599	1	0.145	0.103	0.666666666666667	0.333333333333333
"202"	"control"	"Be_Pt_Am"	3	2020	0.121275581508723	22.150834654819	0	0.073	0.046	0.666666666666667	-0.666666666666667
"203"	"control"	"Be_Pt_Cj"	3	2020	0.05987018118153	17.1179063616441	0	0.02	0.007	0.666666666666667	-0.666666666666667
"204"	"control"	"Be_Pt_Cb"	3	2020	0.0549087372474682	15.8591015758853	0	0.023	0.022	0.333333333333333	-0.333333333333333
"205"	"control"	"Be_Pt_To"	3	2020	0.539231200270275	24.5753045763866	1	0.288	0.063	0.666666666666667	0.333333333333333
"206"	"control"	"Be_Pt_Dc"	3	2020	1.23951783831982	20.7521641816412	1	0.116	0.649	1	0
"207"	"control"	"Be_Pt_Sp"	3	2020	0.60097440431771	12.1646382154809	1	0.264	0.278	1	0
"208"	"control"	"Be_Pt_Pg"	3	2020	0.67314320192774	18.2331647840151	1	0.22	0.325	1	0
"209"	"control"	"Be_Pt_Ra"	3	2020	2.05670984284918	45.4501650217693	0	0.264	0	0.666666666666667	-0.666666666666667
"210"	"control"	"Be_Pt_Pm"	3	2020	0.429427164109402	12.6992866321414	1	0.078	0.304	1	0
"211"	"control"	"Be_Pt_Ga"	3	2020	0.294724056408523	12.0966113048078	1	-0.041	0.115	1	0
"212"	"control"	"Be_Am_Cj"	3	2020	0.0256262557023074	7.84471580076009	0	-0.001	0.012	0.666666666666667	-0.666666666666667
"213"	"control"	"Be_Am_Cb"	3	2020	0.00523398139506437	18.0709176968932	0	0.01	0.003	0.333333333333333	-0.333333333333333
"214"	"control"	"Be_Am_To"	3	2020	0.238103457711688	23.4356922313025	1	0.123	0.063	0.666666666666667	0.333333333333333
"215"	"control"	"Be_Am_Dc"	3	2020	0.234368518488589	15.1794874460807	0	-0.086	0.137	1	-1
"216"	"control"	"Be_Am_Sp"	3	2020	0.0535635238902438	13.0397922655529	0	0.051	0.007	0.666666666666667	-0.666666666666667
"217"	"control"	"Be_Am_Pg"	3	2020	0.136371538105429	9.4007862456523	1	0.152	0.005	0.666666666666667	0.333333333333333
"218"	"control"	"Be_Am_Ra"	3	2020	0.0615008156783474	39.5595881052796	0	-0.012	0.003	0.666666666666667	-0.666666666666667
"219"	"control"	"Be_Am_Pm"	3	2020	0.0480572835985789	16.1753563356411	0	-0.024	0.021	0.666666666666667	-0.666666666666667
"220"	"control"	"Be_Am_Ga"	3	2020	0.266359708947415	10.8421738750109	1	0.229	0.013	0.666666666666667	0.333333333333333
"221"	"control"	"Be_Cj_Cb"	3	2020	0.0165755756323667	23.472165521575	0	0.017	0	0	0
"222"	"control"	"Be_Cj_To"	3	2020	0.0245542803479895	18.7856796918557	0	0.023	0	0	0
"223"	"control"	"Be_Cj_Dc"	3	2020	0.0932611891518419	17.1807192892962	0	-0.014	0.015	0.666666666666667	-0.666666666666667
"224"	"control"	"Be_Cj_Sp"	3	2020	0.00316261261876108	8.63891645273116	0	-0.007	0	0.333333333333333	-0.333333333333333
"225"	"control"	"Be_Cj_Pg"	3	2020	0.00488264265382944	8.77180538128562	0	0.006	0	0.333333333333333	-0.333333333333333
"226"	"control"	"Be_Cj_Ra"	3	2020	0.242039385342144	45.6516254552767	0	0.036	0.004	0.333333333333333	-0.333333333333333
"227"	"control"	"Be_Cj_Pm"	3	2020	0.0492427043716597	17.3859360803201	0	0.037	0.003	0.333333333333333	-0.333333333333333
"228"	"control"	"Be_Cj_Ga"	3	2020	0.0130165757460015	14.3949273497661	0	-0.015	0.003	0.333333333333333	-0.333333333333333
"229"	"control"	"Be_Cb_To"	3	2020	0.224743594521263	22.5898059794502	1	0.149	0.02	0.333333333333333	0.666666666666667
"230"	"control"	"Be_Cb_Dc"	3	2020	0.149242958516767	37.6508004115559	0	0.005	0.043	0.666666666666667	-0.666666666666667
"231"	"control"	"Be_Cb_Sp"	3	2020	0.0779809894748311	32.2364690059939	0	0.037	0.007	0.333333333333333	-0.333333333333333
"232"	"control"	"Be_Cb_Pg"	3	2020	0.0271316789281563	14.19737821568	0	0.006	0.012	0.666666666666667	-0.666666666666667
"233"	"control"	"Be_Cb_Ra"	3	2020	1.40263872303887	58.6789559581074	0	0.181	0	0.333333333333333	-0.333333333333333
"234"	"control"	"Be_Cb_Pm"	3	2020	0.0933922933046975	8.24852848349991	1	0.094	0.009	0.333333333333333	0.666666666666667
"235"	"control"	"Be_Cb_Ga"	3	2020	0.110942007155353	26.9748935098497	0	0.056	0.01	0.333333333333333	-0.333333333333333
"236"	"control"	"Be_To_Dc"	3	2020	0.955515582046944	25.2134710188393	1	0.315	0.287	0.666666666666667	0.333333333333333
"237"	"control"	"Be_To_Sp"	3	2020	0.0940795161000212	14.386884258982	1	0.088	0	0.333333333333333	0.666666666666667
"238"	"control"	"Be_To_Pg"	3	2020	0.0854954128481764	11.0798102950264	0	0.074	0	0.333333333333333	-0.333333333333333
"239"	"control"	"Be_To_Ra"	3	2020	2.23627898440613	78.5830372069178	0	0.126	0	0.333333333333333	-0.333333333333333
"240"	"control"	"Be_To_Pm"	3	2020	0.39530876925196	23.8489976115025	1	0.12	0.095	0.666666666666667	0.333333333333333
"241"	"control"	"Be_To_Ga"	3	2020	0.263227420958754	30.0086837935524	0	0.197	0.016	0.333333333333333	-0.333333333333333
"242"	"control"	"Be_Dc_Sp"	3	2020	0.343989780611075	29.0814568227742	0	0.099	0.158	0.666666666666667	-0.666666666666667
"243"	"control"	"Be_Dc_Pg"	3	2020	0.969745014645273	18.4845597989724	1	0.0620000000000001	0.516	1	0
"244"	"control"	"Be_Dc_Ra"	3	2020	3.91721327151708	7.27242820430566	1	0.523	0.064	0.666666666666667	0.333333333333333
"245"	"control"	"Be_Dc_Pm"	3	2020	0.381287494884634	27.1603647338708	0	-0.133	0.155	1	-1
"246"	"control"	"Be_Dc_Ga"	3	2020	0.730982995828631	13.9713877114721	1	0.639	0	0.666666666666667	0.333333333333333
"247"	"control"	"Be_Sp_Pg"	3	2020	0.0526745868848773	8.23722216616928	0	-0.036	0.029	0.666666666666667	-0.666666666666667
"248"	"control"	"Be_Sp_Ra"	3	2020	1.71441832992572	45.9009943045801	0	0.086	0.049	0.666666666666667	-0.666666666666667
"249"	"control"	"Be_Sp_Pm"	3	2020	0.0489365491724321	11.806213412368	0	0.047	0.002	0.666666666666667	-0.666666666666667
"250"	"control"	"Be_Sp_Ga"	3	2020	0.0874689351684028	19.4855130674337	0	-0.174	0.063	0.666666666666667	-0.666666666666667
"251"	"control"	"Be_Pg_Ra"	3	2020	2.16337993551291	38.5143624657313	0	0.268	0	0.666666666666667	-0.666666666666667
"252"	"control"	"Be_Pg_Pm"	3	2020	0.175183180347354	4.52307914623974	1	0.148	0.022	0.666666666666667	0.333333333333333
"253"	"control"	"Be_Pg_Ga"	3	2020	0.130735721929479	19.835498942953	0	0.106	0	0.666666666666667	-0.666666666666667
"254"	"control"	"Be_Ra_Pm"	3	2020	2.91103252680249	34.9813841575597	1	0.332	0.114	0.666666666666667	0.333333333333333
"255"	"control"	"Be_Ra_Ga"	3	2020	0.0405850498310013	17.7449059185137	0	-0.407	0.007	1	-1
"256"	"control"	"Be_Pm_Ga"	3	2020	0.336174210502639	13.5324538763488	1	0.135	0.072	0.666666666666667	0.333333333333333
"257"	"control"	"Ao_Dg_Fr"	3	2020	0.0246589076062646	14.1780891366889	0	0.028	0	0.333333333333333	-0.333333333333333
"258"	"control"	"Ao_Dg_Hl"	3	2020	0.0138524073074399	17.0059724841693	0	-0.001	0.001	0.666666666666667	-0.666666666666667
"259"	"control"	"Ao_Dg_Lp"	3	2020	0.314345030696187	37.296613659511	0	-0.092	0.171	1	-1
"260"	"control"	"Ao_Dg_Pt"	3	2020	0.0925379331367176	41.9803654945164	0	-0.13	0.008	1	-1
"261"	"control"	"Ao_Dg_Am"	3	2020	0.157437466360527	13.6300848646469	1	0	0.114	1	0
"262"	"control"	"Ao_Dg_Cj"	3	2020	0.00267341001238921	8.67022755809098	0	-0.009	0	0.666666666666667	-0.666666666666667
"263"	"control"	"Ao_Dg_Cb"	3	2020	0.0681180129559488	19.8626833676926	0	0.075	0	0.333333333333333	-0.333333333333333
"264"	"control"	"Ao_Dg_To"	3	2020	0.117696214438911	12.9782131355898	1	0.002	0.085	1	0
"265"	"control"	"Ao_Dg_Dc"	3	2020	0.0736035837962613	10.3662784630039	1	-0.013	0.053	0.666666666666667	0.333333333333333
"266"	"control"	"Ao_Dg_Sp"	3	2020	0.112683091056531	11.0179932818222	0	0.102	0.006	1	-1
"267"	"control"	"Ao_Dg_Pg"	3	2020	0.0276899956204989	8.15379723883823	0	0.026	0.002	0.666666666666667	-0.666666666666667
"268"	"control"	"Ao_Dg_Ra"	3	2020	0.21295878308825	39.3471639959511	0	0.045	0	0.333333333333333	-0.333333333333333
"269"	"control"	"Ao_Dg_Pm"	3	2020	0.026631552019631	10.6633326001182	0	0.022	0	0.666666666666667	-0.666666666666667
"270"	"control"	"Ao_Dg_Ga"	3	2020	0.0286576601822525	26.2128183268819	0	0.013	0	0.333333333333333	-0.333333333333333
"271"	"control"	"Ao_Fr_Hl"	3	2020	0.0797940759716119	19.005244292833	0	0.01	0.041	0.666666666666667	-0.666666666666667
"272"	"control"	"Ao_Fr_Lp"	3	2020	0.0818549361634303	27.983690039831	0	-0.048	0.033	0.666666666666667	-0.666666666666667
"273"	"control"	"Ao_Fr_Pt"	3	2020	0.0900938303490037	41.3320107048483	0	-0.085	0.009	0.666666666666667	-0.666666666666667
"274"	"control"	"Ao_Fr_Am"	3	2020	0.0559540500295211	21.6817304854781	0	-0.019	0.029	0.666666666666667	-0.666666666666667
"275"	"control"	"Ao_Fr_Cj"	3	2020	0.019070563615351	14.9768935928668	0	0.016	0	0.333333333333333	-0.333333333333333
"276"	"control"	"Ao_Fr_Cb"	3	2020	0.0192287746912921	34.3039376051357	0	0	0.003	0	0
"277"	"control"	"Ao_Fr_To"	3	2020	0.142453085772404	10.5024904593476	0	0.142	0.006	0.666666666666667	-0.666666666666667
"278"	"control"	"Ao_Fr_Dc"	3	2020	0.0455993880039538	27.9337363063101	0	-0.048	0.009	0.666666666666667	-0.666666666666667
"279"	"control"	"Ao_Fr_Sp"	3	2020	0.0160954450408181	8.36388499598993	1	0.018	0	0.666666666666667	0.333333333333333
"280"	"control"	"Ao_Fr_Pg"	3	2020	0.0331633402317362	8.69035314292972	0	0.014	0.01	0.333333333333333	-0.333333333333333
"281"	"control"	"Ao_Fr_Ra"	3	2020	0.237512676424653	41.0892569962124	0	0.063	0	0.333333333333333	-0.333333333333333
"282"	"control"	"Ao_Fr_Pm"	3	2020	0.0619661335958696	25.1811565611989	0	-0.00899999999999999	0.051	0.666666666666667	-0.666666666666667
"283"	"control"	"Ao_Fr_Ga"	3	2020	0.0887345903042703	21.1209685997806	0	0.013	0.012	0.333333333333333	-0.333333333333333
"284"	"control"	"Ao_Hl_Lp"	3	2020	0.0976746526278499	29.970838367478	0	-0.076	0.028	0.666666666666667	-0.666666666666667
"285"	"control"	"Ao_Hl_Pt"	3	2020	0.246305257211889	17.1159452316465	0	0.051	0.147	1	-1
"286"	"control"	"Ao_Hl_Am"	3	2020	0.105102069941174	12.6513435799344	0	-0.033	0.055	1	-1
"287"	"control"	"Ao_Hl_Cj"	3	2020	0.117833036862422	19.3226681320373	0	-0.068	0.099	0.666666666666667	-0.666666666666667
"288"	"control"	"Ao_Hl_Cb"	3	2020	0.0349168300105179	14.3820613284935	0	0.025	0.006	0.333333333333333	-0.333333333333333
"289"	"control"	"Ao_Hl_To"	3	2020	0.125726099412484	10.6329721612572	1	-0.001	0.109	1	0
"290"	"control"	"Ao_Hl_Dc"	3	2020	0.193776234462392	7.01675213863196	1	0.00800000000000001	0.147	1	0
"291"	"control"	"Ao_Hl_Sp"	3	2020	0.00649043042088027	1.91994857490314	0	-0.008	0.005	1	-1
"292"	"control"	"Ao_Hl_Pg"	3	2020	0.00330671509313376	15.2640019663444	0	-0.001	0.003	0.666666666666667	-0.666666666666667
"293"	"control"	"Ao_Hl_Ra"	3	2020	0.0870884601900637	48.4181091713609	0	0.005	0	0.333333333333333	-0.333333333333333
"294"	"control"	"Ao_Hl_Pm"	3	2020	0.100910651719029	17.1764093070991	0	-0.038	0.112	0.666666666666667	-0.666666666666667
"295"	"control"	"Ao_Hl_Ga"	3	2020	0.0414073405982377	20.8250405655569	0	-0.028	0.007	0.333333333333333	-0.333333333333333
"296"	"control"	"Ao_Lp_Pt"	3	2020	0.356140197350439	44.3970078906175	0	-0.056	0.083	1	-1
"297"	"control"	"Ao_Lp_Am"	3	2020	0.701978659367058	23.6036094076778	1	-0.021	0.363	1	0
"298"	"control"	"Ao_Lp_Cj"	3	2020	0.140361554542191	22.0083865790476	0	-0.065	0.024	1	-1
"299"	"control"	"Ao_Lp_Cb"	3	2020	0.174715719156971	35.4798376358643	0	-0.01	0.016	0.333333333333333	-0.333333333333333
"300"	"control"	"Ao_Lp_To"	3	2020	0.0373570180235812	20.9996180742439	0	-0.02	0	1	-1
"301"	"control"	"Ao_Lp_Dc"	3	2020	0.496234571664222	54.0813516306514	0	-0.189	0.108	1	-1
"302"	"control"	"Ao_Lp_Sp"	3	2020	0.0103979417878121	9.64059398361214	1	0.002	0	0.666666666666667	0.333333333333333
"303"	"control"	"Ao_Lp_Pg"	3	2020	0.0916301298357736	1.7721583174094	1	0.059	0	0.666666666666667	0.333333333333333
"304"	"control"	"Ao_Lp_Ra"	3	2020	0.190024271369119	83.4785680837917	0	0.007	0	0.333333333333333	-0.333333333333333
"305"	"control"	"Ao_Lp_Pm"	3	2020	0.255026421919873	23.0572821749443	1	-0.066	0.108	1	0
"306"	"control"	"Ao_Lp_Ga"	3	2020	0.421808500040771	9.93058013121476	1	0.174	0.079	0.333333333333333	0.666666666666667
"307"	"control"	"Ao_Pt_Am"	3	2020	0.189041951637226	25.6109278438196	0	-0.026	0.116	0.666666666666667	-0.666666666666667
"308"	"control"	"Ao_Pt_Cj"	3	2020	0.218471889676568	21.0686366504169	0	-0.00800000000000001	0.163	1	-1
"309"	"control"	"Ao_Pt_Cb"	3	2020	0.0428272546385258	36.640126211965	0	-0.007	0.012	0.333333333333333	-0.333333333333333
"310"	"control"	"Ao_Pt_To"	3	2020	0.238150065444707	10.8045633137267	1	0.231	0.017	1	0
"311"	"control"	"Ao_Pt_Dc"	3	2020	0.242945707694593	32.0035380958724	0	-0.118	0.12	1	-1
"312"	"control"	"Ao_Pt_Sp"	3	2020	0.0439463216157515	30.9196013365871	0	0.026	0.001	1	-1
"313"	"control"	"Ao_Pt_Pg"	3	2020	0.323632399985965	44.5283396676786	0	-0.236	0.118	1	-1
"314"	"control"	"Ao_Pt_Ra"	3	2020	0.40385823131969	65.2447805264099	0	0.092	0	0.333333333333333	-0.333333333333333
"315"	"control"	"Ao_Pt_Pm"	3	2020	0.232360429658686	25.765220850193	0	-0.034	0.169	1	-1
"316"	"control"	"Ao_Pt_Ga"	3	2020	0.236674602851253	8.52556744657634	1	0.112	0.023	0.666666666666667	0.333333333333333
"317"	"control"	"Ao_Am_Cj"	3	2020	0.189166112269873	12.2134048107692	1	0.012	0.158	1	0
"318"	"control"	"Ao_Am_Cb"	3	2020	0.0174753575054597	20.1673900443661	0	0.016	0.005	0.333333333333333	-0.333333333333333
"319"	"control"	"Ao_Am_To"	3	2020	0.210257925512647	10.7985537433719	1	0.12	0.075	1	0
"320"	"control"	"Ao_Am_Dc"	3	2020	0.267447590061327	16.968365259138	1	-0.05	0.235	1	0
"321"	"control"	"Ao_Am_Sp"	3	2020	0.0370473558486957	1.87049055084637	1	0.031	0	0.666666666666667	0.333333333333333
"322"	"control"	"Ao_Am_Pg"	3	2020	0.0394297501391849	8.6901322456928	0	0.034	0.004	0.666666666666667	-0.666666666666667
"323"	"control"	"Ao_Am_Ra"	3	2020	0.392276803042145	52.7043184651068	0	0.02	0	0.333333333333333	-0.333333333333333
"324"	"control"	"Ao_Am_Pm"	3	2020	0.0914862701333415	12.8652343098263	0	-0.017	0.07	0.666666666666667	-0.666666666666667
"325"	"control"	"Ao_Am_Ga"	3	2020	0.15829185409268	19.5892201356596	0	0.079	0.038	0.333333333333333	-0.333333333333333
"326"	"control"	"Ao_Cj_Cb"	3	2020	0.0338919083812989	23.5579076799311	0	0.015	0.01	0.333333333333333	-0.333333333333333
"327"	"control"	"Ao_Cj_To"	3	2020	0.0718432748661139	10.1456170633852	0	0.07	0.003	0.666666666666667	-0.666666666666667
"328"	"control"	"Ao_Cj_Dc"	3	2020	0.226668619758428	15.6380797495036	0	-0.048	0.215	1	-1
"329"	"control"	"Ao_Cj_Sp"	3	2020	0.0239392134679824	5.06223562533696	0	0.018	0	0.666666666666667	-0.666666666666667
"330"	"control"	"Ao_Cj_Pg"	3	2020	0.0816293028817692	13.9951281286744	0	0.068	0.011	0.666666666666667	-0.666666666666667
"331"	"control"	"Ao_Cj_Ra"	3	2020	0.306143984288219	55.225756550757	0	0.016	0	0.333333333333333	-0.333333333333333
"332"	"control"	"Ao_Cj_Pm"	3	2020	0.0172138197657558	10.5924815786163	0	-0.005	0.018	0.666666666666667	-0.666666666666667
"333"	"control"	"Ao_Cj_Ga"	3	2020	0.120748803060754	12.7174337698263	0	-0.011	0.018	0.333333333333333	-0.333333333333333
"334"	"control"	"Ao_Cb_To"	3	2020	0.109638187737935	5.14327066148004	1	0.121	0	0.666666666666667	0.333333333333333
"335"	"control"	"Ao_Cb_Dc"	3	2020	0.00491170907165147	32.2141029918997	0	-0.036	0.001	0.666666666666667	-0.666666666666667
"336"	"control"	"Ao_Cb_Sp"	3	2020	0.0219716851948595	33.4097078098725	0	0.002	0	0.333333333333333	-0.333333333333333
"337"	"control"	"Ao_Cb_Pg"	3	2020	0.00146343886639077	10.4544248280315	0	0.001	0	0.666666666666667	-0.666666666666667
"338"	"control"	"Ao_Cb_Ra"	3	2020	0.0626482898529752	71.3864831114048	0	0	0	0	0
"339"	"control"	"Ao_Cb_Pm"	3	2020	0.00779867879422227	25.5663475953566	0	0.003	0.001	0.333333333333333	-0.333333333333333
"340"	"control"	"Ao_Cb_Ga"	3	2020	0.0946168380533519	52.1755389654333	0	-0.007	0.006	0	0
"341"	"control"	"Ao_To_Dc"	3	2020	0.174927091198506	12.9488906514218	1	-0.014	0.148	1	0
"342"	"control"	"Ao_To_Sp"	3	2020	0.015635977134877	16.8172151908907	1	0.017	0	0.666666666666667	0.333333333333333
"343"	"control"	"Ao_To_Pg"	3	2020	0.0521296092340735	29.0911146809491	0	-0.00700000000000001	0.061	0.666666666666667	-0.666666666666667
"344"	"control"	"Ao_To_Ra"	3	2020	0.390524635761468	61.3416772095702	0	0	0	0.333333333333333	-0.333333333333333
"345"	"control"	"Ao_To_Pm"	3	2020	0.166494979288269	14.0123789154376	1	0.085	0.075	1	0
"346"	"control"	"Ao_To_Ga"	3	2020	0.103602341450676	29.5530078760098	0	0.021	0.041	0.333333333333333	-0.333333333333333
"347"	"control"	"Ao_Dc_Sp"	3	2020	0.00477233773796228	13.7468612276316	0	-0.003	0	0.666666666666667	-0.666666666666667
"348"	"control"	"Ao_Dc_Pg"	3	2020	0.111409715677993	28.6229540853279	0	-0.295	0.019	1	-1
"349"	"control"	"Ao_Dc_Ra"	3	2020	0.111167899297332	60.2606645738763	0	0.001	0	0.333333333333333	-0.333333333333333
"350"	"control"	"Ao_Dc_Pm"	3	2020	0.214786800664517	16.0550086922083	1	0.081	0.122	1	0
"351"	"control"	"Ao_Dc_Ga"	3	2020	0.0493424362068357	30.0508441749048	0	0.032	0	0.333333333333333	-0.333333333333333
"352"	"control"	"Ao_Sp_Pg"	3	2020	0.0668045457938178	18.1370415482117	0	0.052	0.001	0.666666666666667	-0.666666666666667
"353"	"control"	"Ao_Sp_Ra"	3	2020	0.155264542515509	58.3951287176808	0	0.005	0	0.333333333333333	-0.333333333333333
"354"	"control"	"Ao_Sp_Pm"	3	2020	0.0626955171308572	4.22875699124646	0	0.072	0	0.666666666666667	-0.666666666666667
"355"	"control"	"Ao_Sp_Ga"	3	2020	0.0170518583767026	25.4555292621898	0	0.014	0	0.333333333333333	-0.333333333333333
"356"	"control"	"Ao_Pg_Ra"	3	2020	0.265514582508386	47.3692351302248	1	0.1	0	0.333333333333333	0.666666666666667
"357"	"control"	"Ao_Pg_Pm"	3	2020	0.134782339058891	13.4053923100016	0	0.11	0.022	0.666666666666667	-0.666666666666667
"358"	"control"	"Ao_Pg_Ga"	3	2020	0.252253696771682	28.0712334174206	0	0.103	0	0.333333333333333	-0.333333333333333
"359"	"control"	"Ao_Ra_Pm"	3	2020	0.0779321486853259	63.6199092124429	0	0.008	0	0.333333333333333	-0.333333333333333
"360"	"control"	"Ao_Ra_Ga"	3	2020	0.735619608479616	20.9070893728756	1	0.512	0	0.333333333333333	0.666666666666667
"361"	"control"	"Ao_Pm_Ga"	3	2020	0.160080820238067	16.9517187808118	0	0.031	0.058	0.333333333333333	-0.333333333333333
"362"	"control"	"Dg_Fr_Hl"	3	2020	0.130053709032233	4.59135442940269	1	0.129	0.004	0.333333333333333	0.666666666666667
"363"	"control"	"Dg_Fr_Lp"	3	2020	0.0634576859775382	13.3943948577089	0	0.016	0.03	0.666666666666667	-0.666666666666667
"364"	"control"	"Dg_Fr_Pt"	3	2020	0.107400606342581	28.4182497215294	0	-0.016	0	0.666666666666667	-0.666666666666667
"365"	"control"	"Dg_Fr_Am"	3	2020	0.0389943524913678	11.6905242596438	0	-0.002	0.037	0.666666666666667	-0.666666666666667
"366"	"control"	"Dg_Fr_Cj"	3	2020	0.00687942049124603	16.9642591123624	0	0.005	0	0	0
"367"	"control"	"Dg_Fr_Cb"	3	2020	0.0435518493587541	24.9181277792974	0	0.029	0	0	0
"368"	"control"	"Dg_Fr_To"	3	2020	0.05006328012217	15.3750138442215	0	-0.023	0.036	0.666666666666667	-0.666666666666667
"369"	"control"	"Dg_Fr_Dc"	3	2020	0.14917121559676	3.93916279780258	1	0.084	0.01	0.333333333333333	0.666666666666667
"370"	"control"	"Dg_Fr_Sp"	3	2020	0.0135169333191762	10.919085598498	0	-0.02	0.005	0.666666666666667	-0.666666666666667
"371"	"control"	"Dg_Fr_Pg"	3	2020	0.00924643282032681	18.7516847223092	0	0.002	0	0	0
"372"	"control"	"Dg_Fr_Ra"	3	2020	0.141206446152624	21.3950049445283	0	0.06	0.019	0.333333333333333	-0.333333333333333
"373"	"control"	"Dg_Fr_Pm"	3	2020	0.0470500268314097	8.60355375642235	0	0.049	0.002	0.333333333333333	-0.333333333333333
"374"	"control"	"Dg_Fr_Ga"	3	2020	0.231904815404156	17.2985214905009	1	0.212	0	0.333333333333333	0.666666666666667
"375"	"control"	"Dg_Hl_Lp"	3	2020	0.0226028728302282	28.4696971085519	0	0.004	0.005	0.333333333333333	-0.333333333333333
"376"	"control"	"Dg_Hl_Pt"	3	2020	0.0338575082266756	22.5224011117005	0	-0.005	0.022	0.666666666666667	-0.666666666666667
"377"	"control"	"Dg_Hl_Am"	3	2020	0.0127325308209318	20.4331607003142	0	0.003	0.01	0.666666666666667	-0.666666666666667
"378"	"control"	"Dg_Hl_Cj"	3	2020	0.0148135214256544	20.1387626650951	0	0.022	0.002	0	0
"379"	"control"	"Dg_Hl_Cb"	3	2020	0.00524398330886153	25.1014339824138	0	0	0.004	0	0
"380"	"control"	"Dg_Hl_To"	3	2020	0.0178987049211363	20.9349856960587	0	-0.004	0.008	0.666666666666667	-0.666666666666667
"381"	"control"	"Dg_Hl_Dc"	3	2020	0.0321386798808028	12.0718685292731	0	0.011	0.005	0.333333333333333	-0.333333333333333
"382"	"control"	"Dg_Hl_Sp"	3	2020	0.0521266635834639	5.62921153640572	1	0.053	0.003	0.666666666666667	0.333333333333333
"383"	"control"	"Dg_Hl_Pg"	3	2020	0.000264892783161776	22.6888229847546	0	0	0	0	0
"384"	"control"	"Dg_Hl_Ra"	3	2020	0.224123123428741	26.4303536613096	0	0.062	0.002	0	0
"385"	"control"	"Dg_Hl_Pm"	3	2020	0.00958397684442037	19.8137849222618	0	0.008	0	0	0
"386"	"control"	"Dg_Hl_Ga"	3	2020	0.00105754964788071	31.1650116751676	0	0.002	0	0	0
"387"	"control"	"Dg_Lp_Pt"	3	2020	1.78204132417387	33.4529554291025	1	0.19	0.474	1	0
"388"	"control"	"Dg_Lp_Am"	3	2020	0.3717145010177	13.726004898343	1	-0.077	0.28	1	0
"389"	"control"	"Dg_Lp_Cj"	3	2020	0.0444558442154121	22.2759513805181	0	0.037	0.003	0.666666666666667	-0.666666666666667
"390"	"control"	"Dg_Lp_Cb"	3	2020	0.0869287100327262	12.9614245925898	0	0.073	0	0.333333333333333	-0.333333333333333
"391"	"control"	"Dg_Lp_To"	3	2020	0.0655248832671824	15.1215681811912	0	0.015	0.005	1	-1
"392"	"control"	"Dg_Lp_Dc"	3	2020	0.33520665555427	40.2042282741301	1	-0.081	0.082	0.666666666666667	0.333333333333333
"393"	"control"	"Dg_Lp_Sp"	3	2020	0.268015698967305	11.9913974038859	1	0.22	0.031	0.666666666666667	0.333333333333333
"394"	"control"	"Dg_Lp_Pg"	3	2020	0.0546273685272822	13.5901426467755	0	0.046	0	0.333333333333333	-0.333333333333333
"395"	"control"	"Dg_Lp_Ra"	3	2020	0.879713226191791	55.2324034514007	0	0.262	0.044	0.333333333333333	-0.333333333333333
"396"	"control"	"Dg_Lp_Pm"	3	2020	0.0171691800310203	20.3726493836098	0	0.02	0.001	0.666666666666667	-0.666666666666667
"397"	"control"	"Dg_Lp_Ga"	3	2020	0.369014777974975	20.5554987627519	0	0.328	0.001	0.333333333333333	-0.333333333333333
"398"	"control"	"Dg_Pt_Am"	3	2020	0.0500999293999529	40.7474246275789	0	-0.133	0.007	0.666666666666667	-0.666666666666667
"399"	"control"	"Dg_Pt_Cj"	3	2020	0.0606904528466041	21.7247583154963	0	0.037	0.006	0.666666666666667	-0.666666666666667
"400"	"control"	"Dg_Pt_Cb"	3	2020	0.0184394756648389	3.94924878255402	0	-0.014	0.001	0.333333333333333	-0.333333333333333
"401"	"control"	"Dg_Pt_To"	3	2020	0.237043615385307	20.0165979989064	0	-0.04	0.047	1	-1
"402"	"control"	"Dg_Pt_Dc"	3	2020	0.507468329280363	35.2561671538663	1	0.031	0.227	0.666666666666667	0.333333333333333
"403"	"control"	"Dg_Pt_Sp"	3	2020	0.501784650981649	26.7714720745221	1	-0.104	0.264	1	0
"404"	"control"	"Dg_Pt_Pg"	3	2020	0.0383533810732267	49.3725713509095	0	0	0	0.666666666666667	-0.666666666666667
"405"	"control"	"Dg_Pt_Ra"	3	2020	0.386867360889103	69.5881270383526	0	0.024	0	0.333333333333333	-0.333333333333333
"406"	"control"	"Dg_Pt_Pm"	3	2020	0.0248818458870412	22.4557997817806	0	0.012	0.001	0.666666666666667	-0.666666666666667
"407"	"control"	"Dg_Pt_Ga"	3	2020	0.979878919629685	8.36071063321511	1	0.654	0.003	0.666666666666667	0.333333333333333
"408"	"control"	"Dg_Am_Cj"	3	2020	0.00877481222522049	13.4066836973758	0	-0.000999999999999999	0.002	0.666666666666667	-0.666666666666667
"409"	"control"	"Dg_Am_Cb"	3	2020	0.0204512566551818	17.9409222053902	0	0.028	0	0.333333333333333	-0.333333333333333
"410"	"control"	"Dg_Am_To"	3	2020	0.116733750437381	10.3268432744707	1	-0.063	0.115	1	0
"411"	"control"	"Dg_Am_Dc"	3	2020	0.132585482916385	9.80923769991767	0	-0.047	0.124	0.666666666666667	-0.666666666666667
"412"	"control"	"Dg_Am_Sp"	3	2020	0.099741316077718	10.2320122456988	0	0.087	0.009	0.666666666666667	-0.666666666666667
"413"	"control"	"Dg_Am_Pg"	3	2020	0.00798366585731042	14.8748712327279	0	0.007	0	0.333333333333333	-0.333333333333333
"414"	"control"	"Dg_Am_Ra"	3	2020	0.301876386543132	28.0509119962302	0	0.107	0.067	0.333333333333333	-0.333333333333333
"415"	"control"	"Dg_Am_Pm"	3	2020	0.00221974818312376	14.4855440982209	0	0.002	0	0.333333333333333	-0.333333333333333
"416"	"control"	"Dg_Am_Ga"	3	2020	0.0307041730773987	27.0232739533676	0	0.029	0	0.333333333333333	-0.333333333333333
"417"	"control"	"Dg_Cj_Cb"	3	2020	0.0428079019740918	25.4008142496619	0	0.046	0	0	0
"418"	"control"	"Dg_Cj_To"	3	2020	0.0318164801630971	19.6141533490426	0	0.021	0	0.333333333333333	-0.333333333333333
"419"	"control"	"Dg_Cj_Dc"	3	2020	0.0344913369341512	11.9904566466424	0	0.016	0.003	0.333333333333333	-0.333333333333333
"420"	"control"	"Dg_Cj_Sp"	3	2020	0.0183895851661421	9.82269829456761	0	0.019	0	0.333333333333333	-0.333333333333333
"421"	"control"	"Dg_Cj_Pg"	3	2020	0.0263235749151166	23.7015554725351	0	0.021	0	0	0
"422"	"control"	"Dg_Cj_Ra"	3	2020	0.0168430518772586	33.0714234103447	0	0.001	0	0	0
"423"	"control"	"Dg_Cj_Pm"	3	2020	0.00133130365288392	15.2491578765497	0	0	0	0	0
"424"	"control"	"Dg_Cj_Ga"	3	2020	0.00115744572906347	28.2786939687658	0	0.002	0	0	0
"425"	"control"	"Dg_Cb_To"	3	2020	0.121539043428189	19.9378529440505	0	0.046	0.019	0.666666666666667	-0.666666666666667
"426"	"control"	"Dg_Cb_Dc"	3	2020	0.472925330738028	15.0775190010132	1	0.247	0.028	0.333333333333333	0.666666666666667
"427"	"control"	"Dg_Cb_Sp"	3	2020	0.090722822526579	22.3565175144555	0	0.083	0	0.333333333333333	-0.333333333333333
"428"	"control"	"Dg_Cb_Pg"	3	2020	0.00144561552694368	16.2131305141389	0	-0.006	0.003	0.333333333333333	-0.333333333333333
"429"	"control"	"Dg_Cb_Ra"	3	2020	0.439479293687206	54.6344360981822	0	0.048	0	0	0
"430"	"control"	"Dg_Cb_Pm"	3	2020	0.000504595599095637	16.0433551302178	0	-0.001	0	0	0
"431"	"control"	"Dg_Cb_Ga"	3	2020	0.387488945445423	25.4674682105057	1	0.269	0	0	1
"432"	"control"	"Dg_To_Dc"	3	2020	0.163553145448754	10.1051109975114	1	-0.025	0.125	0.666666666666667	0.333333333333333
"433"	"control"	"Dg_To_Sp"	3	2020	0.164132898842428	12.1179727619051	1	0.134	0.007	0.666666666666667	0.333333333333333
"434"	"control"	"Dg_To_Pg"	3	2020	0.0300177927683121	19.7833784052178	0	0.025	0	0.333333333333333	-0.333333333333333
"435"	"control"	"Dg_To_Ra"	3	2020	0.651089833966997	38.9573703424298	0	0.146	0	0.333333333333333	-0.333333333333333
"436"	"control"	"Dg_To_Pm"	3	2020	0.0112733130398224	16.415863506747	0	0.001	0.001	0.666666666666667	-0.666666666666667
"437"	"control"	"Dg_To_Ga"	3	2020	0.039790446757947	29.4106929925053	0	0.025	0	0.333333333333333	-0.333333333333333
"438"	"control"	"Dg_Dc_Sp"	3	2020	0.124831699548327	14.7066913984901	0	0.048	0.046	0.333333333333333	-0.333333333333333
"439"	"control"	"Dg_Dc_Pg"	3	2020	0.419704154485713	10.6070398903792	1	0.289	0	0.333333333333333	0.666666666666667
"440"	"control"	"Dg_Dc_Ra"	3	2020	0.330790184525032	33.6858900108764	0	0.098	0.035	0	0
"441"	"control"	"Dg_Dc_Pm"	3	2020	0.000726512794111311	20.7629252875627	0	-0.004	0	0.333333333333333	-0.333333333333333
"442"	"control"	"Dg_Dc_Ga"	3	2020	0.0219513939963146	36.1307897456772	0	0	0	0	0
"443"	"control"	"Dg_Sp_Pg"	3	2020	0.0454642448929541	18.7977583978252	0	0.047	0.001	0.333333333333333	-0.333333333333333
"444"	"control"	"Dg_Sp_Ra"	3	2020	0.115727772651351	41.8751311210794	0	-0.006	0.009	0.333333333333333	-0.333333333333333
"445"	"control"	"Dg_Sp_Pm"	3	2020	0.0281858783544784	13.9878222520209	0	0.031	0	0.333333333333333	-0.333333333333333
"446"	"control"	"Dg_Sp_Ga"	3	2020	0.116748249710945	32.6804271435704	0	0.082	0	0.333333333333333	-0.333333333333333
"447"	"control"	"Dg_Pg_Ra"	3	2020	0.26209888658108	22.2440315868671	1	0.189	0	0	1
"448"	"control"	"Dg_Pg_Pm"	3	2020	0.0180963906826328	22.8979151390613	0	0.016	0	0	0
"449"	"control"	"Dg_Pg_Ga"	3	2020	0.408466457699219	20.5822436795106	1	0.317	0	0	1
"450"	"control"	"Dg_Ra_Pm"	3	2020	0.0180609133093862	27.98361213635	0	-0.001	0	0	0
"451"	"control"	"Dg_Ra_Ga"	3	2020	0.279535979461297	16.8321992496916	0	0.251	0	0.333333333333333	-0.333333333333333
"452"	"control"	"Dg_Pm_Ga"	3	2020	0.0881427390433301	23.759864612006	0	0.07	0	0	0
"453"	"control"	"Fr_Hl_Lp"	3	2020	0.144986734466224	4.19157993997811	1	0.055	0.056	0.666666666666667	0.333333333333333
"454"	"control"	"Fr_Hl_Pt"	3	2020	0.992335268286016	7.55686123898476	1	0.0559999999999999	0.653	1	0
"455"	"control"	"Fr_Hl_Am"	3	2020	0.0760596586478364	8.29562514299515	0	-0.015	0.018	1	-1
"456"	"control"	"Fr_Hl_Cj"	3	2020	0.00478383305648081	10.6457108790094	0	-0.001	0	0.333333333333333	-0.333333333333333
"457"	"control"	"Fr_Hl_Cb"	3	2020	0.0936326238161374	24.2797159378495	0	-0.032	0.003	0.333333333333333	-0.333333333333333
"458"	"control"	"Fr_Hl_To"	3	2020	0.236816255272075	6.55169503038834	1	-0.015	0.16	1	0
"459"	"control"	"Fr_Hl_Dc"	3	2020	0.902140449233774	12.8764451725645	1	0.083	0.782	1	0
"460"	"control"	"Fr_Hl_Sp"	3	2020	0.201279784518608	17.4562331690743	1	0.127	0.064	1	0
"461"	"control"	"Fr_Hl_Pg"	3	2020	0.132195497409166	6.69763866732408	1	0.141	0.001	0.333333333333333	0.666666666666667
"462"	"control"	"Fr_Hl_Ra"	3	2020	1.28730448849268	45.2708169844783	1	0.47	0.099	0.666666666666667	0.333333333333333
"463"	"control"	"Fr_Hl_Pm"	3	2020	0.201273495625217	8.26339041675852	1	-0.016	0.109	0.666666666666667	0.333333333333333
"464"	"control"	"Fr_Hl_Ga"	3	2020	0.0901889355142508	12.558338353258	0	-0.00699999999999999	0.01	0.666666666666667	-0.666666666666667
"465"	"control"	"Fr_Lp_Pt"	3	2020	0.738311627300234	12.8425211025381	1	0.339	0.213	1	0
"466"	"control"	"Fr_Lp_Am"	3	2020	0.165333686539688	4.26162981392094	1	-0.032	0.154	1	0
"467"	"control"	"Fr_Lp_Cj"	3	2020	0.00649576563513291	15.6768315655986	0	0.002	0.001	0.666666666666667	-0.666666666666667
"468"	"control"	"Fr_Lp_Cb"	3	2020	0.114596805025606	34.6319665537091	0	-0.041	0.016	0.333333333333333	-0.333333333333333
"469"	"control"	"Fr_Lp_To"	3	2020	0.0288367558673489	9.5859115434982	0	-0.008	0.007	1	-1
"470"	"control"	"Fr_Lp_Dc"	3	2020	0.943306326105622	11.538813684963	1	0.176	0.339	1	0
"471"	"control"	"Fr_Lp_Sp"	3	2020	0.077013479363894	5.02196300146449	1	0.042	0.01	0.666666666666667	0.333333333333333
"472"	"control"	"Fr_Lp_Pg"	3	2020	0.0524642346421504	6.36851948569658	1	0.053	0.002	0.333333333333333	0.666666666666667
"473"	"control"	"Fr_Lp_Ra"	3	2020	1.14469743835589	21.9005252153562	1	0.458	0.019	0.666666666666667	0.333333333333333
"474"	"control"	"Fr_Lp_Pm"	3	2020	0.16834679068636	5.78453721399543	1	0.00800000000000001	0.144	1	0
"475"	"control"	"Fr_Lp_Ga"	3	2020	0.100159338540741	18.4185003303408	0	-0.058	0.039	0.666666666666667	-0.666666666666667
"476"	"control"	"Fr_Pt_Am"	3	2020	0.0374301246665532	31.6591913649811	0	-0.099	0.006	0.666666666666667	-0.666666666666667
"477"	"control"	"Fr_Pt_Cj"	3	2020	0.120857740362149	24.7363841177243	0	0.083	0	0.666666666666667	-0.666666666666667
"478"	"control"	"Fr_Pt_Cb"	3	2020	0.697694642397136	37.2705871386652	0	-0.035	0.101	0.333333333333333	-0.333333333333333
"479"	"control"	"Fr_Pt_To"	3	2020	0.106268879627389	10.201265896279	0	-0.093	0.019	1	-1
"480"	"control"	"Fr_Pt_Dc"	3	2020	1.81520135612939	24.058976903642	1	0	1	1	0
"481"	"control"	"Fr_Pt_Sp"	3	2020	0.437011648879599	18.7278325571818	1	0.094	0.263	1	0
"482"	"control"	"Fr_Pt_Pg"	3	2020	0.298508331522359	26.9054574506717	1	0.095	0.087	0.666666666666667	0.333333333333333
"483"	"control"	"Fr_Pt_Ra"	3	2020	0.266086985664108	56.0774535798912	0	-0.114	0	0.666666666666667	-0.666666666666667
"484"	"control"	"Fr_Pt_Pm"	3	2020	0.387755218356428	9.71284719557604	1	-0.08	0.188	1	0
"485"	"control"	"Fr_Pt_Ga"	3	2020	0.511108579178403	24.1545306946174	0	0.054	0.085	1	-1
"486"	"control"	"Fr_Am_Cj"	3	2020	0.00989096908578274	9.30776601085865	0	0.01	0	0.666666666666667	-0.666666666666667
"487"	"control"	"Fr_Am_Cb"	3	2020	0.0116017368628791	28.8287048447698	0	0.001	0	0.333333333333333	-0.333333333333333
"488"	"control"	"Fr_Am_To"	3	2020	0.094642026924825	7.14591213336087	1	-0.048	0.091	1	0
"489"	"control"	"Fr_Am_Dc"	3	2020	0.241782981881726	9.70314419928511	1	-0.072	0.172	1	0
"490"	"control"	"Fr_Am_Sp"	3	2020	0.0330478419000592	5.29951553645392	1	0.028	0.005	0.666666666666667	0.333333333333333
"491"	"control"	"Fr_Am_Pg"	3	2020	0.0294368693807653	6.58544242654946	0	0.024	0.001	0.333333333333333	-0.333333333333333
"492"	"control"	"Fr_Am_Ra"	3	2020	0.36983389323043	23.0902621769327	1	0.167	0.049	0.666666666666667	0.333333333333333
"493"	"control"	"Fr_Am_Pm"	3	2020	0.0454615822621455	12.0075820674626	0	-0.014	0.036	0.666666666666667	-0.666666666666667
"494"	"control"	"Fr_Am_Ga"	3	2020	0.0853305172213096	14.6207067975704	1	0.023	0.023	0.666666666666667	0.333333333333333
"495"	"control"	"Fr_Cj_Cb"	3	2020	0.00760244768768065	30.7660705420013	0	0.002	0	0	0
"496"	"control"	"Fr_Cj_To"	3	2020	0.0114642660272368	15.5842312299546	0	0.011	0	0.333333333333333	-0.333333333333333
"497"	"control"	"Fr_Cj_Dc"	3	2020	0.0163047422529978	19.5367080034874	0	0.022	0	0.666666666666667	-0.666666666666667
"498"	"control"	"Fr_Cj_Sp"	3	2020	0.00101587839308168	8.19285176539391	0	0.002	0	0.333333333333333	-0.333333333333333
"499"	"control"	"Fr_Cj_Pg"	3	2020	0.00666029155032805	18.3333671744243	0	0.001	0	0	0
"500"	"control"	"Fr_Cj_Ra"	3	2020	0.103476368358842	29.6337538695969	0	0.041	0	0.333333333333333	-0.333333333333333
"501"	"control"	"Fr_Cj_Pm"	3	2020	0.0166437819376303	17.2258362089461	0	0.026	0	0.333333333333333	-0.333333333333333
"502"	"control"	"Fr_Cj_Ga"	3	2020	0.01762226929916	22.5397335021948	0	0.017	0	0.333333333333333	-0.333333333333333
"503"	"control"	"Fr_Cb_To"	3	2020	0.0588088386095207	15.5491757446617	0	0.015	0	0.666666666666667	-0.666666666666667
"504"	"control"	"Fr_Cb_Dc"	3	2020	0.595250779619329	43.5307264150634	0	-0.063	0.101	0.666666666666667	-0.666666666666667
"505"	"control"	"Fr_Cb_Sp"	3	2020	0.0684826333935511	37.8589431049584	0	-0.018	0.009	0.333333333333333	-0.333333333333333
"506"	"control"	"Fr_Cb_Pg"	3	2020	0.019920737600603	26.8195123125545	0	0.01	0.001	0.333333333333333	-0.333333333333333
"507"	"control"	"Fr_Cb_Ra"	3	2020	0.581353141644089	62.6719128439995	0	0.008	0	0.333333333333333	-0.333333333333333
"508"	"control"	"Fr_Cb_Pm"	3	2020	0.0802346847654162	22.629517297653	0	0.033	0	0.333333333333333	-0.333333333333333
"509"	"control"	"Fr_Cb_Ga"	3	2020	0.343178555711011	50.8248977726402	0	-0.077	0.014	0.333333333333333	-0.333333333333333
"510"	"control"	"Fr_To_Dc"	3	2020	0.395777565762369	9.52845946739779	1	-0.01	0.286	1	0
"511"	"control"	"Fr_To_Sp"	3	2020	0.0624089077678009	1.8662173397018	1	0.057	0.004	0.666666666666667	0.333333333333333
"512"	"control"	"Fr_To_Pg"	3	2020	0.00347913464204445	8.887981367086	0	0.001	0.001	0.333333333333333	-0.333333333333333
"513"	"control"	"Fr_To_Ra"	3	2020	0.944449412757481	37.7392387251998	0	0.371	0	0.666666666666667	-0.666666666666667
"514"	"control"	"Fr_To_Pm"	3	2020	0.138982724519455	6.60249564213694	1	-0.058	0.144	1	0
"515"	"control"	"Fr_To_Ga"	3	2020	0.106643057075814	14.0893071262052	1	0.035	0.016	0.666666666666667	0.333333333333333
"516"	"control"	"Fr_Dc_Sp"	3	2020	0.203502482059771	18.4366548901614	0	0.125	0.047	0.666666666666667	-0.666666666666667
"517"	"control"	"Fr_Dc_Pg"	3	2020	0.274515058766683	23.079710113704	0	-0.033	0.046	0.666666666666667	-0.666666666666667
"518"	"control"	"Fr_Dc_Ra"	3	2020	1.5390097468394	24.9566021447095	1	0.558	0.09	0.666666666666667	0.333333333333333
"519"	"control"	"Fr_Dc_Pm"	3	2020	0.332451050291558	16.8057620838661	0	-0.002	0.187	1	-1
"520"	"control"	"Fr_Dc_Ga"	3	2020	0.479555760474595	23.3595946283302	1	0.41	0	0.666666666666667	0.333333333333333
"521"	"control"	"Fr_Sp_Pg"	3	2020	0.0204336395584048	10.9796000623923	0	-0.006	0.016	0.333333333333333	-0.333333333333333
"522"	"control"	"Fr_Sp_Ra"	3	2020	0.266654275198639	38.3764359608931	1	0.104	0	0.666666666666667	0.333333333333333
"523"	"control"	"Fr_Sp_Pm"	3	2020	0.0321659752995861	1.41653260844332	1	0.029	0.002	0.666666666666667	0.333333333333333
"524"	"control"	"Fr_Sp_Ga"	3	2020	0.121007565996325	20.2247852318458	0	-0.00900000000000001	0.065	0.666666666666667	-0.666666666666667
"525"	"control"	"Fr_Pg_Ra"	3	2020	0.0992241144493072	34.1252094399504	0	0.006	0.02	0.333333333333333	-0.333333333333333
"526"	"control"	"Fr_Pg_Pm"	3	2020	0.00232514194063842	10.0454901083597	0	-0.016	0	0.333333333333333	-0.333333333333333
"527"	"control"	"Fr_Pg_Ga"	3	2020	0.130885029075667	30.5665730161535	0	0.016	0.01	0.333333333333333	-0.333333333333333
"528"	"control"	"Fr_Ra_Pm"	3	2020	0.909632656694532	37.028480741839	1	0.319	0.046	0.666666666666667	0.333333333333333
"529"	"control"	"Fr_Ra_Ga"	3	2020	0.0160022998926356	11.2452485788669	0	-0.426	0	1	-1
"530"	"control"	"Fr_Pm_Ga"	3	2020	0.144822101729844	5.49539032557942	1	-0.029	0.057	0.666666666666667	0.333333333333333
"531"	"control"	"Hl_Lp_Pt"	3	2020	0.21210030137587	25.6769273910714	0	-0.037	0.083	0.666666666666667	-0.666666666666667
"532"	"control"	"Hl_Lp_Am"	3	2020	0.0450346043532113	16.418395380224	0	-0.022	0.028	0.666666666666667	-0.666666666666667
"533"	"control"	"Hl_Lp_Cj"	3	2020	0.0392201221847992	17.6323061025082	0	-0.009	0.034	0.333333333333333	-0.333333333333333
"534"	"control"	"Hl_Lp_Cb"	3	2020	0.0177344884056345	22.7432918782765	0	0.009	0.001	0	0
"535"	"control"	"Hl_Lp_To"	3	2020	0.0161448702797674	4.61818907597667	1	-0.007	0.004	0.666666666666667	0.333333333333333
"536"	"control"	"Hl_Lp_Dc"	3	2020	0.0699945329579162	34.3591843024074	0	-0.202	0.006	0.666666666666667	-0.666666666666667
"537"	"control"	"Hl_Lp_Sp"	3	2020	0.0356637940732993	6.29922946018539	0	0.031	0.002	0.333333333333333	-0.333333333333333
"538"	"control"	"Hl_Lp_Pg"	3	2020	0.00180152599371952	13.6874284381112	0	0	0	0	0
"539"	"control"	"Hl_Lp_Ra"	3	2020	0.538813007912641	45.5909730662487	0	0.048	0.003	0	0
"540"	"control"	"Hl_Lp_Pm"	3	2020	0.0478539334931836	18.9954496043941	0	-0.026	0.053	0.333333333333333	-0.333333333333333
"541"	"control"	"Hl_Lp_Ga"	3	2020	0.0304579865701248	22.6561847983987	0	-0.014	0.017	0	0
"542"	"control"	"Hl_Pt_Am"	3	2020	0.062598469894792	17.8185936827337	0	0.019	0.015	0.666666666666667	-0.666666666666667
"543"	"control"	"Hl_Pt_Cj"	3	2020	0.133087528215211	10.2675782588529	1	0.00599999999999998	0.109	0.666666666666667	0.333333333333333
"544"	"control"	"Hl_Pt_Cb"	3	2020	0.0907205326036487	18.8020036381062	0	-0.025	0.032	0.333333333333333	-0.333333333333333
"545"	"control"	"Hl_Pt_To"	3	2020	0.108309383544041	1.55099888384803	1	-0.03	0.086	1	0
"546"	"control"	"Hl_Pt_Dc"	3	2020	0.609597919314227	8.61853374028354	1	-0.036	0.498	1	0
"547"	"control"	"Hl_Pt_Sp"	3	2020	0.150996174029986	13.5031912498692	0	-0.053	0.066	1	-1
"548"	"control"	"Hl_Pt_Pg"	3	2020	0.000414880344274354	17.8328798112768	0	-0.008	0	0.666666666666667	-0.666666666666667
"549"	"control"	"Hl_Pt_Ra"	3	2020	2.67373637902356	34.6151989040826	0	0.385	0	0.333333333333333	-0.333333333333333
"550"	"control"	"Hl_Pt_Pm"	3	2020	0.147696799812911	11.1088853798853	0	-0.031	0.137	0.666666666666667	-0.666666666666667
"551"	"control"	"Hl_Pt_Ga"	3	2020	0.164695067458613	8.18676710926093	1	0.055	0.028	0.666666666666667	0.333333333333333
"552"	"control"	"Hl_Am_Cj"	3	2020	0.0428003539571744	14.4857383681486	0	-0.016	0.029	0.666666666666667	-0.666666666666667
"553"	"control"	"Hl_Am_Cb"	3	2020	0.0154325947255583	12.9140995914671	0	0.018	0.001	0.333333333333333	-0.333333333333333
"554"	"control"	"Hl_Am_To"	3	2020	0.048756030856235	5.63899181767747	1	-0.024	0.056	1	0
"555"	"control"	"Hl_Am_Dc"	3	2020	0.133325788148234	3.18732235141305	1	-0.024	0.102	1	0
"556"	"control"	"Hl_Am_Sp"	3	2020	0.0250047908332523	10.6757930007651	0	0.023	0.001	0.666666666666667	-0.666666666666667
"557"	"control"	"Hl_Am_Pg"	3	2020	0.000938894949607111	9.46600340795882	0	0	0.001	0.333333333333333	-0.333333333333333
"558"	"control"	"Hl_Am_Ra"	3	2020	0.0728046219107044	34.5990299947331	0	0.004	0.004	0.333333333333333	-0.333333333333333
"559"	"control"	"Hl_Am_Pm"	3	2020	0.0222941041648809	12.1399979013761	0	-0.011	0.022	0.333333333333333	-0.333333333333333
"560"	"control"	"Hl_Am_Ga"	3	2020	0.0258782935168319	22.9136241022182	0	0.008	0.006	0.333333333333333	-0.333333333333333
"561"	"control"	"Hl_Cj_Cb"	3	2020	0.00213930656262556	19.9666661922947	0	0.004	0	0	0
"562"	"control"	"Hl_Cj_To"	3	2020	0.0225902851796897	7.85587165904921	1	0.021	0.001	0.333333333333333	0.666666666666667
"563"	"control"	"Hl_Cj_Dc"	3	2020	0.220966631596547	9.43974521647156	1	0.058	0.13	0.666666666666667	0.333333333333333
"564"	"control"	"Hl_Cj_Sp"	3	2020	0.00562200664306083	5.20226193435137	0	0.002	0	0.333333333333333	-0.333333333333333
"565"	"control"	"Hl_Cj_Pg"	3	2020	0.0349187693733102	13.8543628100576	0	0.034	0	0	0
"566"	"control"	"Hl_Cj_Ra"	3	2020	0.651388221329542	27.5286256087339	0	0.039	0.014	0	0
"567"	"control"	"Hl_Cj_Pm"	3	2020	0.00392539761808409	13.6640912867926	0	-0.002	0.001	0	0
"568"	"control"	"Hl_Cj_Ga"	3	2020	0.0452774662196667	21.3642894954541	0	-0.002	0.022	0	0
"569"	"control"	"Hl_Cb_To"	3	2020	0.0286254255964736	11.2754567197439	0	-0.022	0.003	0.666666666666667	-0.666666666666667
"570"	"control"	"Hl_Cb_Dc"	3	2020	0.138862942448924	16.6730907144168	0	-0.004	0.064	0.666666666666667	-0.666666666666667
"571"	"control"	"Hl_Cb_Sp"	3	2020	0.0318648416755318	24.6155822438288	0	0.004	0.002	0.333333333333333	-0.333333333333333
"572"	"control"	"Hl_Cb_Pg"	3	2020	2.74789066765173e-06	17.0308969992412	0	-0.002	0	0.333333333333333	-0.333333333333333
"573"	"control"	"Hl_Cb_Ra"	3	2020	0.342883625505528	50.6059138237522	0	0.026	0	0	0
"574"	"control"	"Hl_Cb_Pm"	3	2020	0.0322510559063983	21.0804549770513	0	0.005	0.003	0	0
"575"	"control"	"Hl_Cb_Ga"	3	2020	0.00252857424318862	31.3729459295752	0	-0.001	0	0	0
"576"	"control"	"Hl_To_Dc"	3	2020	0.244294402528686	3.8796351744577	1	0.017	0.154	1	0
"577"	"control"	"Hl_To_Sp"	3	2020	0.0188957427832392	8.29923602466435	0	0.01	0.001	0.666666666666667	-0.666666666666667
"578"	"control"	"Hl_To_Pg"	3	2020	0.0186654034250605	12.2230310658084	0	0.013	0.001	0.333333333333333	-0.333333333333333
"579"	"control"	"Hl_To_Ra"	3	2020	1.71308707168686	39.8538856401842	0	0.046	0	0.333333333333333	-0.333333333333333
"580"	"control"	"Hl_To_Pm"	3	2020	0.0646243352017445	11.9991443435976	0	-0.02	0.064	0.666666666666667	-0.666666666666667
"581"	"control"	"Hl_To_Ga"	3	2020	0.0433273465143139	22.9720997158679	0	0.001	0.007	0.333333333333333	-0.333333333333333
"582"	"control"	"Hl_Dc_Sp"	3	2020	0.110297712783612	10.206850167891	0	0.048	0.048	0.666666666666667	-0.666666666666667
"583"	"control"	"Hl_Dc_Pg"	3	2020	0.0693841993215646	21.7579082832095	0	0.011	0	0.666666666666667	-0.666666666666667
"584"	"control"	"Hl_Dc_Ra"	3	2020	2.97068990654568	47.4710378665643	0	0.147	0.06	0.333333333333333	-0.333333333333333
"585"	"control"	"Hl_Dc_Pm"	3	2020	0.196436604334168	7.16939649901898	1	0.122	0.048	0.666666666666667	0.333333333333333
"586"	"control"	"Hl_Dc_Ga"	3	2020	0.103253537217234	24.0126147505352	0	0.08	0	0.333333333333333	-0.333333333333333
"587"	"control"	"Hl_Sp_Pg"	3	2020	0.0208302384789297	7.25699032133665	0	0.016	0.001	0.333333333333333	-0.333333333333333
"588"	"control"	"Hl_Sp_Ra"	3	2020	1.60944564852577	32.3459156842826	0	0.039	0.008	0.333333333333333	-0.333333333333333
"589"	"control"	"Hl_Sp_Pm"	3	2020	0.0404823065984464	7.44946359871236	0	0.044	0	0.333333333333333	-0.333333333333333
"590"	"control"	"Hl_Sp_Ga"	3	2020	0.0107560639473858	17.5453480117052	0	-0.043	0.001	0.333333333333333	-0.333333333333333
"591"	"control"	"Hl_Pg_Ra"	3	2020	0.0250551772298078	29.8437866534369	0	0.001	0	0	0
"592"	"control"	"Hl_Pg_Pm"	3	2020	0.027943906323585	15.9499975563877	0	0.034	0	0	0
"593"	"control"	"Hl_Pg_Ga"	3	2020	0.0126271471983526	24.8506952678139	0	0.006	0	0	0
"594"	"control"	"Hl_Ra_Pm"	3	2020	0.895409664812258	40.1010360017772	0	0.062	0.016	0	0
"595"	"control"	"Hl_Ra_Ga"	3	2020	0.212623180958492	13.1289984990269	0	0.099	0	0.333333333333333	-0.333333333333333
"596"	"control"	"Hl_Pm_Ga"	3	2020	0.0285525328537609	25.3070746604156	0	-0.011	0.008	0	0
"597"	"control"	"Lp_Pt_Am"	3	2020	0.253615102261492	19.494482745106	1	0.173	0.045	0.666666666666667	0.333333333333333
"598"	"control"	"Lp_Pt_Cj"	3	2020	0.14841417129726	19.7105719462049	1	0.003	0.057	1	0
"599"	"control"	"Lp_Pt_Cb"	3	2020	0.183123164137174	29.6290703452488	0	0.015	0.034	0.333333333333333	-0.333333333333333
"600"	"control"	"Lp_Pt_To"	3	2020	0.0295602838433982	15.1799762429019	0	-0.007	0.001	1	-1
"601"	"control"	"Lp_Pt_Dc"	3	2020	0.911626462017505	57.8079592249779	0	-0.297	0.264	1	-1
"602"	"control"	"Lp_Pt_Sp"	3	2020	0.0353883383917198	14.2169849142161	0	0.004	0.006	0.666666666666667	-0.666666666666667
"603"	"control"	"Lp_Pt_Pg"	3	2020	0.143523106140535	5.94921637959127	0	0.126	0	0.666666666666667	-0.666666666666667
"604"	"control"	"Lp_Pt_Ra"	3	2020	1.86533346768887	61.4197562036854	0	0.268	0	0.333333333333333	-0.333333333333333
"605"	"control"	"Lp_Pt_Pm"	3	2020	0.336133776710044	19.5226194946642	1	0.039	0.155	1	0
"606"	"control"	"Lp_Pt_Ga"	3	2020	0.238106674949063	19.6246304908006	0	0.064	0.054	0.666666666666667	-0.666666666666667
"607"	"control"	"Lp_Am_Cj"	3	2020	0.0614413770538009	5.05597726368767	0	-0.016	0.033	1	-1
"608"	"control"	"Lp_Am_Cb"	3	2020	0.00621897373504621	23.2929463381075	0	-0.008	0	0.333333333333333	-0.333333333333333
"609"	"control"	"Lp_Am_To"	3	2020	0.0576653071619871	5.02353062811627	1	0.021	0.012	1	0
"610"	"control"	"Lp_Am_Dc"	3	2020	0.500833547513779	23.3093619396328	1	-0.188	0.197	1	0
"611"	"control"	"Lp_Am_Sp"	3	2020	0.00486808089677944	9.13529038189193	0	-0.004	0.001	0.333333333333333	-0.333333333333333
"612"	"control"	"Lp_Am_Pg"	3	2020	0.0245529283154238	7.89552075831785	0	0.023	0	0.333333333333333	-0.333333333333333
"613"	"control"	"Lp_Am_Ra"	3	2020	0.563394735428759	42.3313180103524	0	0.054	0.035	0.333333333333333	-0.333333333333333
"614"	"control"	"Lp_Am_Pm"	3	2020	0.0587060087369221	5.78869747534507	1	-0.008	0.033	0.666666666666667	0.333333333333333
"615"	"control"	"Lp_Am_Ga"	3	2020	0.197760229946195	17.9328990784972	0	0.103	0.037	0.333333333333333	-0.333333333333333
"616"	"control"	"Lp_Cj_Cb"	3	2020	0.0161381297478933	26.063863752115	0	-0.017	0.002	0.333333333333333	-0.333333333333333
"617"	"control"	"Lp_Cj_To"	3	2020	0.0156327859165314	2.09491526406791	1	0.016	0	0.666666666666667	0.333333333333333
"618"	"control"	"Lp_Cj_Dc"	3	2020	0.103976824960141	27.2337901308532	0	-0.165	0.012	1	-1
"619"	"control"	"Lp_Cj_Sp"	3	2020	2.14965027651182e-09	6.16143414910727	0	-0.002	0	0.333333333333333	-0.333333333333333
"620"	"control"	"Lp_Cj_Pg"	3	2020	0.0134156505345659	15.4008376837459	0	0.017	0	0.333333333333333	-0.333333333333333
"621"	"control"	"Lp_Cj_Ra"	3	2020	0.240979554731267	43.1463203376033	0	0.025	0.012	0.333333333333333	-0.333333333333333
"622"	"control"	"Lp_Cj_Pm"	3	2020	0.0110491322961386	9.20720500101938	0	-0.002	0.001	0.666666666666667	-0.666666666666667
"623"	"control"	"Lp_Cj_Ga"	3	2020	0.0496232753482735	15.7954308744838	0	-0.019	0.034	0.333333333333333	-0.333333333333333
"624"	"control"	"Lp_Cb_To"	3	2020	0.023749749511738	12.9324979124185	0	0.025	0	0.666666666666667	-0.666666666666667
"625"	"control"	"Lp_Cb_Dc"	3	2020	0.919266841636816	41.2621317979065	0	0.179	0.134	0.666666666666667	-0.666666666666667
"626"	"control"	"Lp_Cb_Sp"	3	2020	0.0199718061738031	35.4361002386592	0	-0.009	0	0	0
"627"	"control"	"Lp_Cb_Pg"	3	2020	0.00688794721683895	24.0989671144004	0	0.006	0	0.333333333333333	-0.333333333333333
"628"	"control"	"Lp_Cb_Ra"	3	2020	0.987908942207898	72.7304432183627	0	0	0	0	0
"629"	"control"	"Lp_Cb_Pm"	3	2020	0.0660449576439758	16.1758637841348	0	0.055	0	0.333333333333333	-0.333333333333333
"630"	"control"	"Lp_Cb_Ga"	3	2020	0.0774564940708212	41.517296927151	0	-0.021	0.014	0	0
"631"	"control"	"Lp_To_Dc"	3	2020	0.151554034378838	23.7416176884057	0	0.026	0.004	1	-1
"632"	"control"	"Lp_To_Sp"	3	2020	0.00387337004563301	10.9294674692462	0	0	0.003	0.333333333333333	-0.333333333333333
"633"	"control"	"Lp_To_Pg"	3	2020	0.00664671417164262	15.1763711477016	0	0.004	0	0.333333333333333	-0.333333333333333
"634"	"control"	"Lp_To_Ra"	3	2020	0.420271803356227	46.2725470393747	0	0.003	0	0.333333333333333	-0.333333333333333
"635"	"control"	"Lp_To_Pm"	3	2020	0.0288108124578305	7.70308111636186	0	-0.007	0.011	1	-1
"636"	"control"	"Lp_To_Ga"	3	2020	0.0137449730606013	24.5088627791364	0	0.003	0	0.333333333333333	-0.333333333333333
"637"	"control"	"Lp_Dc_Sp"	3	2020	0.100831088891381	16.6932820017366	0	0.079	0	0.333333333333333	-0.333333333333333
"638"	"control"	"Lp_Dc_Pg"	3	2020	0.00875522164732493	27.2792676689235	0	-0.005	0	0.666666666666667	-0.666666666666667
"639"	"control"	"Lp_Dc_Ra"	3	2020	3.70354508879452	117.207946211608	0	0.207	0.047	0.333333333333333	-0.333333333333333
"640"	"control"	"Lp_Dc_Pm"	3	2020	0.269910532471858	30.5600557401029	0	-0.123	0.053	1	-1
"641"	"control"	"Lp_Dc_Ga"	3	2020	0.916331662044264	17.180370553341	1	0.635	0	0.333333333333333	0.666666666666667
"642"	"control"	"Lp_Sp_Pg"	3	2020	0.00131885983814059	13.1351340477702	0	0	0	0	0
"643"	"control"	"Lp_Sp_Ra"	3	2020	0.80081825473256	43.4976516517725	0	0.001	0.002	0	0
"644"	"control"	"Lp_Sp_Pm"	3	2020	0.00469991734012032	10.431663761722	0	-0.005	0.002	0.333333333333333	-0.333333333333333
"645"	"control"	"Lp_Sp_Ga"	3	2020	0.0240192810401332	25.3998013361494	0	-0.004	0.007	0	0
"646"	"control"	"Lp_Pg_Ra"	3	2020	2.8814475174889	25.110283174617	1	0.601	0	0	1
"647"	"control"	"Lp_Pg_Pm"	3	2020	0.0213143603345767	13.4765297494718	0	0.015	0	0.333333333333333	-0.333333333333333
"648"	"control"	"Lp_Pg_Ga"	3	2020	0.00225834594411034	27.5174344000772	0	0.004	0	0	0
"649"	"control"	"Lp_Ra_Pm"	3	2020	2.61389569147037	28.8335411897126	0	0.09	0.025	0.333333333333333	-0.333333333333333
"650"	"control"	"Lp_Ra_Ga"	3	2020	1.25026131724133	12.4765916790326	1	0.699	0	0.333333333333333	0.666666666666667
"651"	"control"	"Lp_Pm_Ga"	3	2020	0.107812068871396	14.700260493029	0	-0.038	0.042	0.333333333333333	-0.333333333333333
"652"	"control"	"Pt_Am_Cj"	3	2020	0.0686169528494629	19.3252692320537	0	0.024	0.029	0.666666666666667	-0.666666666666667
"653"	"control"	"Pt_Am_Cb"	3	2020	0.000235405554564961	32.5503078503036	0	-0.002	0	0	0
"654"	"control"	"Pt_Am_To"	3	2020	0.0740732430760761	16.0154139022461	0	0.048	0.017	0.666666666666667	-0.666666666666667
"655"	"control"	"Pt_Am_Dc"	3	2020	0.144541477414023	27.4532997118353	0	-0.089	0.082	0.666666666666667	-0.666666666666667
"656"	"control"	"Pt_Am_Sp"	3	2020	0.00323285353088294	32.7739508074587	0	-0.014	0	0.333333333333333	-0.333333333333333
"657"	"control"	"Pt_Am_Pg"	3	2020	0.00568561939336023	34.3220520726139	0	-0.005	0	0.333333333333333	-0.333333333333333
"658"	"control"	"Pt_Am_Ra"	3	2020	0.130688132700362	52.807267530323	0	0.031	0	0	0
"659"	"control"	"Pt_Am_Pm"	3	2020	0.0415539558934804	23.4085715668762	0	0.006	0.014	0.333333333333333	-0.333333333333333
"660"	"control"	"Pt_Am_Ga"	3	2020	0.134016710444122	16.520346521914	0	0.116	0.006	0.333333333333333	-0.333333333333333
"661"	"control"	"Pt_Cj_Cb"	3	2020	0.0246525780279568	26.1423316011222	0	-0.023	0.002	0.333333333333333	-0.333333333333333
"662"	"control"	"Pt_Cj_To"	3	2020	0.00553626661447416	1.1508381699141	0	-0.008	0.001	0.666666666666667	-0.666666666666667
"663"	"control"	"Pt_Cj_Dc"	3	2020	0.31130288657651	8.43392198385937	1	-0.029	0.182	1	0
"664"	"control"	"Pt_Cj_Sp"	3	2020	0.0917302982430593	16.3698430703204	0	0.044	0.003	0.666666666666667	-0.666666666666667
"665"	"control"	"Pt_Cj_Pg"	3	2020	0.0409318203059012	21.833350279348	0	-0.004	0.024	0.666666666666667	-0.666666666666667
"666"	"control"	"Pt_Cj_Ra"	3	2020	0.951586536087608	33.5098837392609	0	0.305	0	0.333333333333333	-0.333333333333333
"667"	"control"	"Pt_Cj_Pm"	3	2020	0.0152948673871771	6.45631526466619	0	0.001	0.007	0.666666666666667	-0.666666666666667
"668"	"control"	"Pt_Cj_Ga"	3	2020	0.115963423355254	6.82947588153069	1	-0.005	0.055	0.666666666666667	0.333333333333333
"669"	"control"	"Pt_Cb_To"	3	2020	0.126381992965456	9.03295406558807	1	0.049	0.026	0.666666666666667	0.333333333333333
"670"	"control"	"Pt_Cb_Dc"	3	2020	0.618459602208747	35.0419513433848	0	0.003	0.285	0.666666666666667	-0.666666666666667
"671"	"control"	"Pt_Cb_Sp"	3	2020	0.61005644712302	44.4294634307615	0	-0.053	0.113	0.333333333333333	-0.333333333333333
"672"	"control"	"Pt_Cb_Pg"	3	2020	0.170078529430586	7.89363011500672	1	0.09	0.032	0.666666666666667	0.333333333333333
"673"	"control"	"Pt_Cb_Ra"	3	2020	2.31458924961933	63.9854434296588	0	0.062	0	0	0
"674"	"control"	"Pt_Cb_Pm"	3	2020	0.000315242502711207	12.08437288917	0	-0.026	0	0.333333333333333	-0.333333333333333
"675"	"control"	"Pt_Cb_Ga"	3	2020	0.148464014303267	29.0532480638064	0	-0.044	0.061	0.333333333333333	-0.333333333333333
"676"	"control"	"Pt_To_Dc"	3	2020	0.226036022643854	10.6098176872748	0	-0.00600000000000001	0.106	1	-1
"677"	"control"	"Pt_To_Sp"	3	2020	0.0762798324107565	19.6358880172125	0	0.03	0	0.666666666666667	-0.666666666666667
"678"	"control"	"Pt_To_Pg"	3	2020	0.0453379624766011	22.4707949447783	0	0.01	0.017	0.666666666666667	-0.666666666666667
"679"	"control"	"Pt_To_Ra"	3	2020	2.86550669348189	23.1851318271444	1	0.59	0	0.333333333333333	0.666666666666667
"680"	"control"	"Pt_To_Pm"	3	2020	0.0906189836935372	5.794678155761	1	-0.031	0.063	1	0
"681"	"control"	"Pt_To_Ga"	3	2020	0.169101623757434	18.0654475083592	0	0.145	0.02	0.666666666666667	-0.666666666666667
"682"	"control"	"Pt_Dc_Sp"	3	2020	0.542835896065914	23.4429454374466	1	0.116	0.31	0.666666666666667	0.333333333333333
"683"	"control"	"Pt_Dc_Pg"	3	2020	3.13466743858955	13.591119800263	1	0.015	0.985	1	0
"684"	"control"	"Pt_Dc_Ra"	3	2020	2.46327450097133	68.8077335426196	0	0.266	0	0.333333333333333	-0.333333333333333
"685"	"control"	"Pt_Dc_Pm"	3	2020	0.35905321038638	19.5786675848409	0	-0.06	0.22	1	-1
"686"	"control"	"Pt_Dc_Ga"	3	2020	0.604084573121306	13.7152770852766	1	0.54	0	0.666666666666667	0.333333333333333
"687"	"control"	"Pt_Sp_Pg"	3	2020	0.233653741803676	33.129087876076	1	0.056	0.09	0.666666666666667	0.333333333333333
"688"	"control"	"Pt_Sp_Ra"	3	2020	2.85873557655733	63.6535072583748	0	0.331	0	0.333333333333333	-0.333333333333333
"689"	"control"	"Pt_Sp_Pm"	3	2020	0.014475395364236	22.6380175353743	0	-0.024	0	0.666666666666667	-0.666666666666667
"690"	"control"	"Pt_Sp_Ga"	3	2020	0.436322702688059	7.53914887940234	1	0.045	0.047	0.666666666666667	0.333333333333333
"691"	"control"	"Pt_Pg_Ra"	3	2020	1.28950891253279	82.9269249371065	0	-0.132	0.091	0.333333333333333	-0.333333333333333
"692"	"control"	"Pt_Pg_Pm"	3	2020	0.130819738652132	23.6837720102357	0	0.00599999999999999	0.064	0.666666666666667	-0.666666666666667
"693"	"control"	"Pt_Pg_Ga"	3	2020	0.159838969684612	17.6424730027278	0	0.066	0.049	0.666666666666667	-0.666666666666667
"694"	"control"	"Pt_Ra_Pm"	3	2020	3.02553785602157	24.9773759982748	0	0.466	0	0.333333333333333	-0.333333333333333
"695"	"control"	"Pt_Ra_Ga"	3	2020	0.0743160480864749	17.5198894426921	0	-0.07	0	0.666666666666667	-0.666666666666667
"696"	"control"	"Pt_Pm_Ga"	3	2020	0.243530543573458	11.5985331334721	1	0.014	0.058	0.666666666666667	0.333333333333333
"697"	"control"	"Am_Cj_Cb"	3	2020	0.0053631098870504	19.8967790901592	0	0.002	0	0.333333333333333	-0.333333333333333
"698"	"control"	"Am_Cj_To"	3	2020	0.00659104081486104	3.12240866307346	0	-0.003	0.008	0.666666666666667	-0.666666666666667
"699"	"control"	"Am_Cj_Dc"	3	2020	0.148306124255315	5.24991896985048	1	-0.042	0.133	1	0
"700"	"control"	"Am_Cj_Sp"	3	2020	0.00284112539802075	10.8496830845935	0	0	0.001	0.333333333333333	-0.333333333333333
"701"	"control"	"Am_Cj_Pg"	3	2020	0.019109138895092	13.5750093542508	0	0.018	0	0.333333333333333	-0.333333333333333
"702"	"control"	"Am_Cj_Ra"	3	2020	0.225302972568187	42.2472601965255	0	0.008	0.028	0.333333333333333	-0.333333333333333
"703"	"control"	"Am_Cj_Pm"	3	2020	0.00588011848760399	5.96524731800831	0	-0.003	0	0.333333333333333	-0.333333333333333
"704"	"control"	"Am_Cj_Ga"	3	2020	0.074136025293641	18.0570705480269	0	0.028	0.008	0.333333333333333	-0.333333333333333
"705"	"control"	"Am_Cb_To"	3	2020	0.00643881148088632	12.8391805365987	0	0.003	0	0.666666666666667	-0.666666666666667
"706"	"control"	"Am_Cb_Dc"	3	2020	0.0329794374609102	24.8400763950923	0	0.008	0.002	0.666666666666667	-0.666666666666667
"707"	"control"	"Am_Cb_Sp"	3	2020	0.00778607193806512	29.2096161043606	0	0.001	0	0	0
"708"	"control"	"Am_Cb_Pg"	3	2020	0.00170566805977081	22.5309924929959	0	0.002	0	0.333333333333333	-0.333333333333333
"709"	"control"	"Am_Cb_Ra"	3	2020	0.10982970039036	59.3393320239226	0	0.01	0	0	0
"710"	"control"	"Am_Cb_Pm"	3	2020	0.0131781465625869	20.646332527767	0	0.014	0	0	0
"711"	"control"	"Am_Cb_Ga"	3	2020	0.0122190103938283	44.8854917777953	0	0.002	0	0	0
"712"	"control"	"Am_To_Dc"	3	2020	0.171760190223506	4.95050566626215	1	-0.032	0.131	1	0
"713"	"control"	"Am_To_Sp"	3	2020	0.0037110995560597	11.3159132902119	0	0.001	0.001	0.333333333333333	-0.333333333333333
"714"	"control"	"Am_To_Pg"	3	2020	0.0179220217062871	14.3263933178217	0	0.013	0.005	0.333333333333333	-0.333333333333333
"715"	"control"	"Am_To_Ra"	3	2020	0.387625527048317	51.6354797073241	0	0.027	0	0.333333333333333	-0.333333333333333
"716"	"control"	"Am_To_Pm"	3	2020	0.0314861704564493	9.59374711367244	0	-0.025	0.037	0.666666666666667	-0.666666666666667
"717"	"control"	"Am_To_Ga"	3	2020	0.0474611940668431	24.9355170148155	0	0.016	0.019	0.333333333333333	-0.333333333333333
"718"	"control"	"Am_Dc_Sp"	3	2020	0.0479983450043293	9.32415958509671	0	0.057	0.004	0.333333333333333	-0.333333333333333
"719"	"control"	"Am_Dc_Pg"	3	2020	0.0612191009148924	25.7760627114965	0	0.009	0	0.666666666666667	-0.666666666666667
"720"	"control"	"Am_Dc_Ra"	3	2020	0.649075478497047	46.351443795267	0	0.062	0.029	0.333333333333333	-0.333333333333333
"721"	"control"	"Am_Dc_Pm"	3	2020	0.100508048462865	10.5261665965289	0	0.041	0.021	0.666666666666667	-0.666666666666667
"722"	"control"	"Am_Dc_Ga"	3	2020	0.092808610862917	29.7411998662667	0	0.049	0	0.333333333333333	-0.333333333333333
"723"	"control"	"Am_Sp_Pg"	3	2020	0.001712682800985	16.423132842111	0	0.001	0	0	0
"724"	"control"	"Am_Sp_Ra"	3	2020	0.0886044512207003	53.6164297756013	0	0.01	0.004	0	0
"725"	"control"	"Am_Sp_Pm"	3	2020	0.00506762253364181	13.5723395687137	0	0	0	0	0
"726"	"control"	"Am_Sp_Ga"	3	2020	0.0117270485708788	30.0909858578802	0	0.002	0.001	0	0
"727"	"control"	"Am_Pg_Ra"	3	2020	0.0257538695456514	48.9573187323298	0	0.016	0	0	0
"728"	"control"	"Am_Pg_Pm"	3	2020	0.0134626734790747	16.3135392629193	0	0.018	0.002	0	0
"729"	"control"	"Am_Pg_Ga"	3	2020	0.0336774052033149	34.5370149653984	0	0.02	0	0	0
"730"	"control"	"Am_Ra_Pm"	3	2020	0.0869408034578652	46.9371745775414	0	0.004	0.01	0	0
"731"	"control"	"Am_Ra_Ga"	3	2020	0.576926335744861	8.09964565229941	1	0.43	0	0.333333333333333	0.666666666666667
"732"	"control"	"Am_Pm_Ga"	3	2020	0.0357464525492486	21.3662535757865	0	0.001	0.007	0	0
"733"	"control"	"Cj_Cb_To"	3	2020	0.0608903151841651	13.4638888795263	0	0.063	0	0.333333333333333	-0.333333333333333
"734"	"control"	"Cj_Cb_Dc"	3	2020	0.0537848000451783	29.6821060475934	0	-0.038	0.008	0.666666666666667	-0.666666666666667
"735"	"control"	"Cj_Cb_Sp"	3	2020	0.0102663987211051	30.6803425114345	0	-0.005	0.001	0	0
"736"	"control"	"Cj_Cb_Pg"	3	2020	0.0067443924305668	28.3747075442986	0	0.002	0.001	0.333333333333333	-0.333333333333333
"737"	"control"	"Cj_Cb_Ra"	3	2020	0.198433858965914	64.1186160576548	0	0.001	0	0	0
"738"	"control"	"Cj_Cb_Pm"	3	2020	0.0411728555276425	20.0165803284231	0	0.035	0	0	0
"739"	"control"	"Cj_Cb_Ga"	3	2020	0.0343246214831203	36.9842607674242	0	-0.014	0.003	0	0
"740"	"control"	"Cj_To_Dc"	3	2020	0.0150568947345541	8.18542112828164	0	0.001	0.002	0.666666666666667	-0.666666666666667
"741"	"control"	"Cj_To_Sp"	3	2020	0.00422469535075618	6.66783549140119	0	0.002	0	0	0
"742"	"control"	"Cj_To_Pg"	3	2020	0.00189232982958712	17.9981933271884	0	-0.007	0.001	0	0
"743"	"control"	"Cj_To_Ra"	3	2020	0.152261089307848	52.787932404924	0	0.002	0	0	0
"744"	"control"	"Cj_To_Pm"	3	2020	0.0144726200936757	9.10619549045856	0	0.019	0	0.333333333333333	-0.333333333333333
"745"	"control"	"Cj_To_Ga"	3	2020	0.03584917452136	22.8780296845791	0	0.037	0	0	0
"746"	"control"	"Cj_Dc_Sp"	3	2020	0.0303677044901554	11.8062392230546	0	0.009	0.006	0.333333333333333	-0.333333333333333
"747"	"control"	"Cj_Dc_Pg"	3	2020	0.020535030303774	30.8903434898659	0	-0.072	0.002	0.666666666666667	-0.666666666666667
"748"	"control"	"Cj_Dc_Ra"	3	2020	0.95138186863656	50.598847501511	0	0.073	0.047	0.333333333333333	-0.333333333333333
"749"	"control"	"Cj_Dc_Pm"	3	2020	0.00594722168510471	13.2581852806279	0	-0.006	0	0.666666666666667	-0.666666666666667
"750"	"control"	"Cj_Dc_Ga"	3	2020	0.165118962006257	23.7838743637883	0	0.164	0	0.333333333333333	-0.333333333333333
"751"	"control"	"Cj_Sp_Pg"	3	2020	0.00445106547083652	17.471582118192	0	0.001	0	0	0
"752"	"control"	"Cj_Sp_Ra"	3	2020	0.0324963724600567	51.5745649531775	0	0.001	0	0	0
"753"	"control"	"Cj_Sp_Pm"	3	2020	0.0164622782447939	7.91877398684588	0	0.019	0	0	0
"754"	"control"	"Cj_Sp_Ga"	3	2020	0.00319353640150973	22.5257380253349	0	-0.012	0	0	0
"755"	"control"	"Cj_Pg_Ra"	3	2020	0.0706515177197774	55.9781296042367	0	0.001	0.003	0	0
"756"	"control"	"Cj_Pg_Pm"	3	2020	0.00417657434130413	19.0021873630774	0	-0.004	0.002	0	0
"757"	"control"	"Cj_Pg_Ga"	3	2020	0.0248894890782149	30.2910935814005	0	-0.005	0.008	0	0
"758"	"control"	"Cj_Ra_Pm"	3	2020	0.019139134593406	43.7939614231065	0	-0.002	0	0	0
"759"	"control"	"Cj_Ra_Ga"	3	2020	0.126487892155102	20.1542736964762	0	0.032	0	0.333333333333333	-0.333333333333333
"760"	"control"	"Cj_Pm_Ga"	3	2020	0.00184602195300079	20.2957005532181	0	-0.012	0	0	0
"761"	"control"	"Cb_To_Dc"	3	2020	0.372726609724456	23.2236543180578	0	-0.055	0.192	1	-1
"762"	"control"	"Cb_To_Sp"	3	2020	0.106472881394911	15.3597218449474	0	0.092	0	0.333333333333333	-0.333333333333333
"763"	"control"	"Cb_To_Pg"	3	2020	0.0220838146397835	15.2765681817019	0	0.021	0	0.666666666666667	-0.666666666666667
"764"	"control"	"Cb_To_Ra"	3	2020	0.487826876112895	69.6450444565243	0	0	0	0.333333333333333	-0.333333333333333
"765"	"control"	"Cb_To_Pm"	3	2020	0.0756221076782316	6.47449094733773	1	0.042	0.009	0.666666666666667	0.333333333333333
"766"	"control"	"Cb_To_Ga"	3	2020	0.169926290505899	36.2733952227414	0	0.091	0	0.333333333333333	-0.333333333333333
"767"	"control"	"Cb_Dc_Sp"	3	2020	0.380150658986207	57.8332101666133	0	-0.068	0.01	0.333333333333333	-0.333333333333333
"768"	"control"	"Cb_Dc_Pg"	3	2020	0.455134638834626	53.3553068732642	0	-0.059	0.047	1	-1
"769"	"control"	"Cb_Dc_Ra"	3	2020	2.20944992679736	151.480126238239	0	0.001	0	0.333333333333333	-0.333333333333333
"770"	"control"	"Cb_Dc_Pm"	3	2020	0.106764998725704	34.1255902110446	0	0.018	0.003	0.666666666666667	-0.666666666666667
"771"	"control"	"Cb_Dc_Ga"	3	2020	1.75227004318527	59.7768249647353	0	0.277	0	0.333333333333333	-0.333333333333333
"772"	"control"	"Cb_Sp_Pg"	3	2020	0.0353337003355459	36.694559680853	0	0.015	0.002	0.333333333333333	-0.333333333333333
"773"	"control"	"Cb_Sp_Ra"	3	2020	0.817416052779693	105.223810772291	0	0	0	0	0
"774"	"control"	"Cb_Sp_Pm"	3	2020	0.110865364959657	17.972252006784	0	0.099	0	0	0
"775"	"control"	"Cb_Sp_Ga"	3	2020	0.307641805840002	66.2976994164562	0	-0.075	0.02	0	0
"776"	"control"	"Cb_Pg_Ra"	3	2020	2.35952033423273	69.5887063478422	1	0.455	0	0.333333333333333	0.666666666666667
"777"	"control"	"Cb_Pg_Pm"	3	2020	0.00430914051706785	13.7179923594915	0	0.003	0	0.333333333333333	-0.333333333333333
"778"	"control"	"Cb_Pg_Ga"	3	2020	0.784185830880545	25.9456844977794	1	0.16	0.063	0.333333333333333	0.666666666666667
"779"	"control"	"Cb_Ra_Pm"	3	2020	0.656037965646538	58.8136086872782	0	0.01	0	0	0
"780"	"control"	"Cb_Ra_Ga"	3	2020	1.16570127578329	58.7956211345574	0	0.195	0	0.333333333333333	-0.333333333333333
"781"	"control"	"Cb_Pm_Ga"	3	2020	0.0105624323274289	31.3466959376695	0	0.002	0	0	0
"782"	"control"	"To_Dc_Sp"	3	2020	0.000359736965077732	16.469043847437	0	-0.007	0	0.333333333333333	-0.333333333333333
"783"	"control"	"To_Dc_Pg"	3	2020	0.0446782117370639	35.6140381193561	0	-0.1	0.002	0.666666666666667	-0.666666666666667
"784"	"control"	"To_Dc_Ra"	3	2020	1.57434396397015	66.7587890273191	0	0.03	0	0.333333333333333	-0.333333333333333
"785"	"control"	"To_Dc_Pm"	3	2020	0.157115111345793	16.463938353985	0	-0.034	0.102	1	-1
"786"	"control"	"To_Dc_Ga"	3	2020	0.0936725218371687	33.212621611548	0	0.044	0	0.333333333333333	-0.333333333333333
"787"	"control"	"To_Sp_Pg"	3	2020	0.0155992157303208	20.2015417825868	0	0.016	0.001	0	0
"788"	"control"	"To_Sp_Ra"	3	2020	0.0836714232192954	66.3148726770539	0	0	0	0	0
"789"	"control"	"To_Sp_Pm"	3	2020	0.00445149251521186	9.75160450956843	0	0.003	0.003	0.333333333333333	-0.333333333333333
"790"	"control"	"To_Sp_Ga"	3	2020	0.0143654648772032	31.7377931505957	0	0.002	0.002	0	0
"791"	"control"	"To_Pg_Ra"	3	2020	0.0983526928976577	66.8025326910413	0	0.004	0	0	0
"792"	"control"	"To_Pg_Pm"	3	2020	0.0315920366201506	19.5523630666107	0	-0.032	0.029	0.333333333333333	-0.333333333333333
"793"	"control"	"To_Pg_Ga"	3	2020	0.0103990691545283	42.1979087321226	0	-0.001	0	0	0
"794"	"control"	"To_Ra_Pm"	3	2020	0.360886540170931	49.538248808193	0	0.013	0	0.333333333333333	-0.333333333333333
"795"	"control"	"To_Ra_Ga"	3	2020	1.28727501554589	14.1298387896302	1	0.838	0	0.333333333333333	0.666666666666667
"796"	"control"	"To_Pm_Ga"	3	2020	0.0830312770214381	20.7678181871674	0	0.013	0.03	0.333333333333333	-0.333333333333333
"797"	"control"	"Dc_Sp_Pg"	3	2020	0.262522885911855	37.841023880037	0	0.092	0.015	0.333333333333333	-0.333333333333333
"798"	"control"	"Dc_Sp_Ra"	3	2020	1.37531979333708	57.2298240103285	0	0.031	0.033	0	0
"799"	"control"	"Dc_Sp_Pm"	3	2020	0.00712328133849635	22.6417020794991	0	0.002	0	0.333333333333333	-0.333333333333333
"800"	"control"	"Dc_Sp_Ga"	3	2020	0.0212873271195032	31.2463045680809	0	0.015	0	0	0
"801"	"control"	"Dc_Pg_Ra"	3	2020	3.08626243346161	107.777690797731	0	0.087	0	0.333333333333333	-0.333333333333333
"802"	"control"	"Dc_Pg_Pm"	3	2020	0.0831248871725105	37.6940454840061	0	-0.096	0.008	0.666666666666667	-0.666666666666667
"803"	"control"	"Dc_Pg_Ga"	3	2020	0.183045501368037	51.1640295623761	0	0.035	0	0.333333333333333	-0.333333333333333
"804"	"control"	"Dc_Ra_Pm"	3	2020	2.7978528964779	39.4804572385807	0	0.057	0.026	0.333333333333333	-0.333333333333333
"805"	"control"	"Dc_Ra_Ga"	3	2020	1.32534537283382	4.86966323423824	1	0.938	0	0.333333333333333	0.666666666666667
"806"	"control"	"Dc_Pm_Ga"	3	2020	0.0791592535884207	26.9037071331968	0	0.071	0	0.333333333333333	-0.333333333333333
"807"	"control"	"Sp_Pg_Ra"	3	2020	1.2386264322997	49.6159623900737	0	0.088	0	0	0
"808"	"control"	"Sp_Pg_Pm"	3	2020	0.026199326359087	20.0097068469127	0	0.029	0	0	0
"809"	"control"	"Sp_Pg_Ga"	3	2020	0.0152503345629846	42.3517414335101	0	-0.005	0	0	0
"810"	"control"	"Sp_Ra_Pm"	3	2020	0.589756698615195	47.4518022504604	0	0.026	0.002	0	0
"811"	"control"	"Sp_Ra_Ga"	3	2020	0.916369791807244	20.7116803048801	1	0.469	0	0.333333333333333	0.666666666666667
"812"	"control"	"Sp_Pm_Ga"	3	2020	0.00468716478326735	25.7552493916657	0	-0.009	0	0	0
"813"	"control"	"Pg_Ra_Pm"	3	2020	0.498935915343046	39.057926236708	0	0.003	0.005	0	0
"814"	"control"	"Pg_Ra_Ga"	3	2020	0.584063321228712	29.5740671687234	0	-0.04	0.181	0.333333333333333	-0.333333333333333
"815"	"control"	"Pg_Pm_Ga"	3	2020	0.0624576804726852	34.3967492171648	0	-0.019	0.017	0	0
"816"	"control"	"Ra_Pm_Ga"	3	2020	1.20797219442347	23.8435558086151	1	0.671	0	0.333333333333333	0.666666666666667
